"","V1","V2","V3","V4"
"1",17.2748434663048,17.2748434663048,17.2748434663048,17.2748434663048
"2",7.44772723984289,7.44772723984289,7.44772723984289,7.44772723984289
"3",6.61690126586202,6.61690126586202,6.61690126586202,6.61690126586202
"4",19.7627168388896,19.7627168388896,19.7627168388896,19.7627168388896
"5",13.8717535517831,13.8717535517831,13.8717535517831,13.8717535517831
"6",18.5367308529212,18.5367308529212,18.5367308529212,18.5367308529212
"7",17.9691387859619,17.9691387859619,17.9691387859619,17.9691387859619
"8",14.4595238583164,14.4595238583164,14.4595238583164,14.4595238583164
"9",17.2814986142199,17.2814986142199,17.2814986142199,17.2814986142199
"10",10.1508224351119,10.2531225541714,10.3563611972206,10.4605469744867
"11",5.77771074643676,5.77771074643676,5.77771074643676,5.77771074643676
"12",9.82141354202436,9.82141354202436,9.82141354202436,9.82141354202436
"13",8.84511715403808,8.84511715403808,8.84511715403808,8.84511715403808
"14",16.1350892604254,16.3603421346875,16.5885561173857,16.8197701343859
"15",12.593612628235,12.593612628235,12.593612628235,12.593612628235
"16",26.7325550140044,26.7325550140044,26.7325550140044,26.7325550140044
"17",22.5320230496982,22.2805801518159,22.0318239558276,21.7857257539545
"18",36.5903664207993,36.5903664207993,36.5903664207993,36.5903664207993
"19",32.3931371899753,32.3931371899753,32.3931371899753,32.3931371899753
"20",46.3046531109206,46.9168803092074,47.5370310862052,48.1652079906079
"21",26.0218918569346,26.0218918569346,26.0218918569346,26.0218918569346
"22",17.4859398436526,17.4859398436526,17.4859398436526,17.4859398436526
"23",11.6281849040666,11.7169011074519,11.8062405646779,11.8962076542611
"24",7.61937939162537,7.61937939162537,7.61937939162537,7.61937939162537
"25",61.1711175371987,61.1711175371987,61.1711175371987,61.1711175371987
"26",28.0761257742848,28.0761257742848,28.0761257742848,28.0761257742848
"27",39.4390727523021,39.4390727523021,39.4390727523021,39.4390727523021
"28",71.0364891253987,71.0364891253987,71.0364891253987,71.0364891253987
"29",48.5046041281772,48.5046041281772,48.5046041281772,48.5046041281772
"30",47.5849264599696,47.5849264599696,47.5849264599696,47.5849264599696
"31",72.4438723600056,72.4438723600056,72.4438723600056,72.4438723600056
"32",46.7126791695957,46.7126791695957,46.7126791695957,46.7126791695957
"33",71.9249722547559,71.9249722547559,71.9249722547559,71.9249722547559
"34",43.476051035104,43.476051035104,43.476051035104,43.476051035104
"35",23.0190889058029,22.6226642002404,22.2327823135081,21.8493352592026
"36",22.7776530143874,22.4343765132103,22.0960558735805,21.7626195480325
"37",20.6106302791677,20.2315757633578,19.8591699349808,19.49329617481
"38",23.8516927303439,23.8516927303439,23.8516927303439,23.8516927303439
"39",21.6121719940778,21.6121719940778,21.6121719940778,21.6121719940778
"40",26.6244476508982,26.6244476508982,26.6244476508982,26.6244476508982
"41",19.9801023315726,19.9801023315726,19.9801023315726,19.9801023315726
"42",65.1179061114378,65.1179061114378,65.1179061114378,65.1179061114378
"43",40.7661416984605,40.7661416984605,40.7661416984605,40.7661416984605
"44",52.8403233931642,52.8403233931642,52.8403233931642,52.8403233931642
"45",30.0781162725469,30.0781162725469,30.0781162725469,30.0781162725469
"46",34.4528759851036,34.4528759851036,34.4528759851036,34.4528759851036
"47",46.6886694255141,46.6886694255141,46.6886694255141,46.6886694255141
"48",33.4809945088801,33.4809945088801,33.4809945088801,33.4809945088801
"49",23.5572948677068,23.5572948677068,23.5572948677068,23.5572948677068
"50",40.3738172273834,40.3738172273834,40.3738172273834,40.3738172273834
"51",43.1997811774479,43.1997811774479,43.1997811774479,43.1997811774479
"52",29.0405436252685,29.0405436252685,29.0405436252685,29.0405436252685
"53",23.878340089995,23.878340089995,23.878340089995,23.878340089995
"54",32.7404053619483,32.7404053619483,32.7404053619483,32.7404053619483
"55",27.7803935740465,27.7803935740465,27.7803935740465,27.7803935740465
"56",23.8295160640401,23.8295160640401,23.8295160640401,23.8295160640401
"57",49.9779956700553,49.9779956700553,49.9779956700553,49.9779956700553
"58",18.9366998035778,18.9366998035778,18.9366998035778,18.9366998035778
"59",34.9275770732966,34.9275770732966,34.9275770732966,34.9275770732966
"60",46.6833808178092,46.6833808178092,46.6833808178092,46.6833808178092
"61",35.3654262178905,35.3654262178905,35.3654262178905,35.3654262178905
"62",3.72961508610061,3.72961508610061,3.72961508610061,3.72961508610061
"63",30.722931071256,30.722931071256,30.722931071256,30.722931071256
"64",49.1682863220663,49.1682863220663,49.1682863220663,49.1682863220663
"65",42.4984207344381,42.4984207344381,42.4984207344381,42.4984207344381
"66",41.556617465547,41.556617465547,41.556617465547,41.556617465547
"67",44.171873130486,44.171873130486,44.171873130486,44.171873130486
"68",54.1486189627207,54.1486189627207,54.1486189627207,54.1486189627207
"69",50.9763834548355,50.9763834548355,50.9763834548355,50.9763834548355
"70",43.4747729106569,43.4747729106569,43.4747729106569,43.4747729106569
"71",28.57573398315,28.1284842645038,27.6879979388115,27.2541727287942
"72",33.4920445144762,33.4920445144762,33.4920445144762,33.4920445144762
"73",15.7177210722784,15.7177210722784,15.7177210722784,15.7177210722784
"74",8.53515550908709,8.53515550908709,8.53515550908709,8.53515550908709
"75",2.4223444936283,2.4223444936283,2.4223444936283,2.4223444936283
"76",10.6129161599101,10.6129161599101,10.6129161599101,10.6129161599101
"77",5.79929418066904,5.79929418066904,5.79929418066904,5.79929418066904
"78",14.2553628455389,14.2553628455389,14.2553628455389,14.2553628455389
"79",12.7246561401584,12.7246561401584,12.7246561401584,12.7246561401584
"80",5.9389591990194,5.9389591990194,5.9389591990194,5.9389591990194
"81",21.7932133736623,21.7932133736623,21.7932133736623,21.7932133736623
"82",24.6240836041936,24.6240836041936,24.6240836041936,24.6240836041936
"83",21.6678951919874,21.6678951919874,21.6678951919874,21.6678951919874
"84",6.228709722603,6.228709722603,6.228709722603,6.228709722603
"85",23.9376835648536,23.9376835648536,23.9376835648536,23.9376835648536
"86",12.6854231936144,12.851535890582,13.0196648516946,13.1898345502235
"87",6.74785745427576,6.74785745427576,6.74785745427576,6.74785745427576
"88",11.8852973113365,12.0127785067956,12.1415209424731,12.2715370964988
"89",3.40436869101327,3.40436869101327,3.40436869101327,3.40436869101327
"90",5.22397025577501,5.22397025577501,5.22397025577501,5.22397025577501
"91",7.95710671287679,7.95710671287679,7.95710671287679,7.95710671287679
"92",3.53697994696439,3.53697994696439,3.53697994696439,3.53697994696439
"93",6.95768595302506,6.95768595302506,6.95768595302506,6.95768595302506
"94",49.6044074431313,49.6044074431313,49.6044074431313,49.6044074431313
"95",13.3227893981814,13.3227893981814,13.3227893981814,13.3227893981814
"96",6.24370223183098,6.24370223183098,6.24370223183098,6.24370223183098
"97",22.6549954061009,22.6549954061009,22.6549954061009,22.6549954061009
"98",5.47682493427456,5.47682493427456,5.47682493427456,5.47682493427456
"99",20.7214282253179,20.7214282253179,20.7214282253179,20.7214282253179
"100",35.1357491167875,35.1357491167875,35.1357491167875,35.1357491167875
"101",37.0695619278584,37.1295331644835,37.1843732492209,37.234514640995
"102",14.3758782085216,14.3758782085216,14.3758782085216,14.3758782085216
"103",14.3426712887964,14.3426712887964,14.3426712887964,14.3426712887964
"104",43.4161566229182,43.4161566229182,43.4161566229182,43.4161566229182
"105",42.2954318981133,42.2944874810709,42.2937250136025,42.2931094393151
"106",41.206730170826,41.206730170826,41.206730170826,41.206730170826
"107",41.8850492710739,41.8850492710739,41.8850492710739,41.8850492710739
"108",4.92963555428472,4.92963555428472,4.92963555428472,4.92963555428472
"109",3.77368157833551,3.77368157833551,3.77368157833551,3.77368157833551
"110",4.81394498040551,4.81394498040551,4.81394498040551,4.81394498040551
"111",4.3437619089211,4.3437619089211,4.3437619089211,4.3437619089211
"112",13.0023529772898,13.0023529772898,13.0023529772898,13.0023529772898
"113",9.42204309257848,9.42204309257848,9.42204309257848,9.42204309257848
"114",8.08916669800697,8.08916669800697,8.08916669800697,8.08916669800697
"115",33.0706463129685,33.0706463129685,33.0706463129685,33.0706463129685
"116",15.586132325605,15.586132325605,15.586132325605,15.586132325605
"117",27.6325158400666,27.6325158400666,27.6325158400666,27.6325158400666
"118",11.2493028276317,11.2493028276317,11.2493028276317,11.2493028276317
"119",15.0730850337001,15.0730850337001,15.0730850337001,15.0730850337001
"120",18.5272454740743,18.5272454740743,18.5272454740743,18.5272454740743
"121",23.5715506631087,23.5715506631087,23.5715506631087,23.5715506631087
"122",11.5476598709765,11.5476598709765,11.5476598709765,11.5476598709765
"123",8.72512801017659,8.72512801017659,8.72512801017659,8.72512801017659
"124",15.5673175050528,15.5673175050528,15.5673175050528,15.5673175050528
"125",36.7972979583949,36.7972979583949,36.7972979583949,36.7972979583949
"126",13.089813550732,13.089813550732,13.089813550732,13.089813550732
"127",19.4708891665624,19.4708891665624,19.4708891665624,19.4708891665624
"128",28.4846787077463,28.4846787077463,28.4846787077463,28.4846787077463
"129",24.9617853719007,24.9617853719007,24.9617853719007,24.9617853719007
"130",21.1222300285457,21.1222300285457,21.1222300285457,21.1222300285457
"131",22.9068940405731,22.9068940405731,22.9068940405731,22.9068940405731
"132",19.3696873791658,19.3696873791658,19.3696873791658,19.3696873791658
"133",85.0237942167517,85.0237942167517,85.0237942167517,85.0237942167517
"134",103.874440292679,103.874440292679,103.874440292679,103.874440292679
"135",144.919417086329,144.917097977927,144.915209894199,144.913672721675
"136",140.459242090952,140.459242090952,140.459242090952,140.459242090952
"137",95.16764390147,95.1675628592209,95.1674980172412,95.1674461371046
"138",52.444882249961,52.444882249961,52.444882249961,52.444882249961
"139",27.8497404669731,27.8497404669731,27.8497404669731,27.8497404669731
"140",75.6782199680681,75.6782199680681,75.6782199680681,75.6782199680681
"141",95.6897142469326,95.056728878369,94.42788738881,93.8031626500877
"142",128.404352977416,128.404352977416,128.404352977416,128.404352977416
"143",85.3302511062775,85.3302511062775,85.3302511062775,85.3302511062775
"144",35.9060171622088,35.9060171622088,35.9060171622088,35.9060171622088
"145",72.4053157314351,72.4053157314351,72.4053157314351,72.4053157314351
"146",26.84736350659,26.84736350659,26.84736350659,26.84736350659
"147",17.3990197429054,17.3990197429054,17.3990197429054,17.3990197429054
"148",9.34721497081043,9.34721497081043,9.34721497081043,9.34721497081043
"149",8.97403992305605,8.97403992305605,8.97403992305605,8.97403992305605
"150",4.24661592658763,4.24661592658763,4.24661592658763,4.24661592658763
"151",6.73968232764546,6.73968232764546,6.73968232764546,6.73968232764546
"152",13.693733370967,13.4797926697078,13.2689669442345,13.0612108405116
"153",18.477620643323,18.477620643323,18.477620643323,18.477620643323
"154",10.607994007705,10.607994007705,10.607994007705,10.607994007705
"155",8.94975078208823,8.94975078208823,8.94975078208823,8.94975078208823
"156",6.79589649448078,6.79589649448078,6.79589649448078,6.79589649448078
"157",8.3387793569165,8.3387793569165,8.3387793569165,8.3387793569165
"158",6.97418729890538,6.97418729890538,6.97418729890538,6.97418729890538
"159",9.10443156427866,9.10443156427866,9.10443156427866,9.10443156427866
"160",5.80078634829937,5.80078634829937,5.80078634829937,5.80078634829937
"161",10.9376385009667,10.9376385009667,10.9376385009667,10.9376385009667
"162",12.2103106840754,12.2103106840754,12.2103106840754,12.2103106840754
"163",10.3358306493613,10.3358306493613,10.3358306493613,10.3358306493613
"164",9.82612206692334,9.82612206692334,9.82612206692334,9.82612206692334
"165",17.0590705699324,17.2498114456743,17.442566936816,17.6373583218341
"166",4.78505451820409,4.78505451820409,4.78505451820409,4.78505451820409
"167",12.8541421771018,12.8541421771018,12.8541421771018,12.8541421771018
"168",7.75242238605445,7.75242238605445,7.75242238605445,7.75242238605445
"169",3.56944542099346,3.56944542099346,3.56944542099346,3.56944542099346
"170",4.87254615442174,4.95148155991326,5.03147796996333,5.11254964598818
"171",24.3104387489357,24.3774880844412,24.440154862534,24.4987153999422
"172",16.2707548027935,16.2707548027935,16.2707548027935,16.2707548027935
"173",18.7796167384051,18.7796167384051,18.7796167384051,18.7796167384051
"174",24.0146346962382,24.0148102078413,24.014957796094,24.0150819033869
"175",16.9233767983354,16.9266735382101,16.9295413143408,16.9320358865687
"176",29.1479053646573,29.6939347162434,30.2498535791965,30.8158410692266
"177",4.53771701514794,4.53771701514794,4.53771701514794,4.53771701514794
"178",6.21714835401125,6.21714835401125,6.21714835401125,6.21714835401125
"179",5.521165337753,5.521165337753,5.521165337753,5.521165337753
"180",6.90530505735274,6.90530505735274,6.90530505735274,6.90530505735274
"181",12.0950352680252,12.0950352680252,12.0950352680252,12.0950352680252
"182",6.24945196383436,6.24945196383436,6.24945196383436,6.24945196383436
"183",7.0156198139191,7.0156198139191,7.0156198139191,7.0156198139191
"184",9.55567818809331,9.70430148203276,9.85501738272924,10.007855353956
"185",50.5179177137233,50.5179177137233,50.5179177137233,50.5179177137233
"186",18.4088790252552,18.4088790252552,18.4088790252552,18.4088790252552
"187",31.5733543673326,31.5733543673326,31.5733543673326,31.5733543673326
"188",17.1630559529854,17.1630559529854,17.1630559529854,17.1630559529854
"189",4.17272461124835,4.17272461124835,4.17272461124835,4.17272461124835
"190",11.4493139869079,11.4493139869079,11.4493139869079,11.4493139869079
"191",4.66548657313581,4.66548657313581,4.66548657313581,4.66548657313581
"192",10.2313531082095,10.2313531082095,10.2313531082095,10.2313531082095
"193",6.67873740875423,6.67873740875423,6.67873740875423,6.67873740875423
"194",5.02473707949238,5.02473707949238,5.02473707949238,5.02473707949238
"195",3.74901101319128,3.67150986731597,3.59527349585272,3.52028125840586
"196",3.01847805856848,3.01847805856848,3.01847805856848,3.01847805856848
"197",29.3064448927889,29.8728173652263,30.4497743116484,31.0375135366713
"198",6.88387451331887,6.88387451331887,6.88387451331887,6.88387451331887
"199",8.26317932970615,8.26317932970615,8.26317932970615,8.26317932970615
"200",6.29497849453632,6.29497849453632,6.29497849453632,6.29497849453632
"201",9.70653455297867,9.70653455297867,9.70653455297867,9.70653455297867
"202",2.55719207077242,2.55719207077242,2.55719207077242,2.55719207077242
"203",8.16596232989821,8.16596232989821,8.16596232989821,8.16596232989821
"204",5.08817546451593,5.08817546451593,5.08817546451593,5.08817546451593
"205",5.35619097092368,5.35610021691318,5.35602753407581,5.35596932388386
"206",4.91901957310693,4.91901957310693,4.91901957310693,4.91901957310693
"207",3.91761939168558,3.91761939168558,3.91761939168558,3.91761939168558
"208",12.1345260818886,12.1345260818886,12.1345260818886,12.1345260818886
"209",7.97996277242674,7.97996277242674,7.97996277242674,7.97996277242674
"210",20.6067214860179,20.811742038799,21.0187079782084,21.2276377635133
"211",4.53641750678669,4.53641750678669,4.53641750678669,4.53641750678669
"212",4.06168616390221,4.06168616390221,4.06168616390221,4.06168616390221
"213",12.3044825890112,12.3044825890112,12.3044825890112,12.3044825890112
"214",8.99386959576234,8.99386959576234,8.99386959576234,8.99386959576234
"215",14.1501419772231,14.1509947116777,14.1516865776316,14.1522479175557
"216",7.98416461231112,7.98416461231112,7.98416461231112,7.98416461231112
"217",23.7849481694661,23.790553271481,23.7955129156686,23.7999013221319
"218",17.9808182866564,17.9808182866564,17.9808182866564,17.9808182866564
"219",26.1275464067251,26.1968625357328,26.262373224305,26.3242786060444
"220",6.12632804561481,6.12632804561481,6.12632804561481,6.12632804561481
"221",15.7098479822751,15.7098479822751,15.7098479822751,15.7098479822751
"222",8.50409700850631,8.50409700850631,8.50409700850631,8.50409700850631
"223",6.85944091976266,6.85944091976266,6.85944091976266,6.85944091976266
"224",6.75091222116674,6.75091222116674,6.75091222116674,6.75091222116674
"225",12.7821547650677,12.7821547650677,12.7821547650677,12.7821547650677
"226",2.27244091217413,2.27244091217413,2.27244091217413,2.27244091217413
"227",13.3243684366604,13.3243684366604,13.3243684366604,13.3243684366604
"228",6.04556093825681,6.04556093825681,6.04556093825681,6.04556093825681
"229",8.7512217793843,8.7512217793843,8.7512217793843,8.7512217793843
"230",13.1883673438939,13.1883673438939,13.1883673438939,13.1883673438939
"231",7.03795887221472,7.03795887221472,7.03795887221472,7.03795887221472
"232",9.34485211273414,9.34488084957438,9.34490484344381,9.34492487715396
"233",10.2733114495533,10.2733114495533,10.2733114495533,10.2733114495533
"234",25.2555382187745,25.2555382187745,25.2555382187745,25.2555382187745
"235",14.3362406343609,14.3362406343609,14.3362406343609,14.3362406343609
"236",29.4433163804821,29.4433163804821,29.4433163804821,29.4433163804821
"237",9.91545469155276,9.91545469155276,9.91545469155276,9.91545469155276
"238",6.54539128243058,6.54539128243058,6.54539128243058,6.54539128243058
"239",13.3032165893658,13.3032165893658,13.3032165893658,13.3032165893658
"240",6.29610696034266,6.29610696034266,6.29610696034266,6.29610696034266
"241",11.1497251376932,11.1497251376932,11.1497251376932,11.1497251376932
"242",5.71844473080552,5.71844473080552,5.71844473080552,5.71844473080552
"243",5.27953826333847,5.27953826333847,5.27953826333847,5.27953826333847
"244",2.61239926468473,2.61239926468473,2.61239926468473,2.61239926468473
"245",6.40187838208907,6.40187838208907,6.40187838208907,6.40187838208907
"246",11.5783188692567,11.5783188692567,11.5783188692567,11.5783188692567
"247",11.2234839553305,11.2234839553305,11.2234839553305,11.2234839553305
"248",7.3433680089851,7.3433680089851,7.3433680089851,7.3433680089851
"249",7.4846086844695,7.4846086844695,7.4846086844695,7.4846086844695
"250",3.54458657345254,3.54458657345254,3.54458657345254,3.54458657345254
"251",4.5169143912755,4.5169143912755,4.5169143912755,4.5169143912755
"252",4.38878666914959,4.38878666914959,4.38878666914959,4.38878666914959
"253",18.3115624418004,18.3115624418004,18.3115624418004,18.3115624418004
"254",17.5654859617914,17.5654859617914,17.5654859617914,17.5654859617914
"255",21.5757257058075,21.5757257058075,21.5757257058075,21.5757257058075
"256",49.1759842019337,50.2244213949458,51.294765892123,52.3874754509531
"257",21.2754116054835,21.2754116054835,21.2754116054835,21.2754116054835
"258",15.4480596131208,15.4480596131208,15.4480596131208,15.4480596131208
"259",7.31367465687646,7.31367465687646,7.31367465687646,7.31367465687646
"260",10.135687467808,10.135687467808,10.135687467808,10.135687467808
"261",5.13803122431689,5.13803122431689,5.13803122431689,5.13803122431689
"262",9.89707610014705,9.89707610014705,9.89707610014705,9.89707610014705
"263",7.38865212973268,7.38865212973268,7.38865212973268,7.38865212973268
"264",6.14675564466235,6.00521699473615,5.87931500782271,5.76712260660485
"265",13.8183690143642,13.8183690143642,13.8183690143642,13.8183690143642
"266",9.16326371643741,9.16326371643741,9.16326371643741,9.16326371643741
"267",12.2981310771019,12.2981310771019,12.2981310771019,12.2981310771019
"268",5.46156145851577,5.46156145851577,5.46156145851577,5.46156145851577
"269",4.6807975833683,4.6807975833683,4.6807975833683,4.6807975833683
"270",5.11078267682107,5.11078267682107,5.11078267682107,5.11078267682107
"271",3.36649129198963,3.36649129198963,3.36649129198963,3.36649129198963
"272",5.82758596758714,5.82758596758714,5.82758596758714,5.82758596758714
"273",5.27511490683076,5.18392726621313,5.09406473054175,5.00550804388341
"274",8.0101736359279,8.0101736359279,8.0101736359279,8.0101736359279
"275",9.00274191334912,9.00274191334912,9.00274191334912,9.00274191334912
"276",9.09235223540931,9.09235223540931,9.09235223540931,9.09235223540931
"277",8.45865203348444,8.45865203348444,8.45865203348444,8.45865203348444
"278",5.26295871604466,5.26295871604466,5.26295871604466,5.26295871604466
"279",8.79649565134151,8.79649565134151,8.79649565134151,8.79649565134151
"280",3.24463795432243,3.20331648457361,3.16239727854683,3.12187642021239
"281",12.3457975195397,12.3457975195397,12.3457975195397,12.3457975195397
"282",5.5622743590833,5.5622743590833,5.5622743590833,5.5622743590833
"283",7.30013794570748,7.30013794570748,7.30013794570748,7.30013794570748
"284",26.8595255178429,26.8595255178429,26.8595255178429,26.8595255178429
"285",47.393024773884,47.393024773884,47.393024773884,47.393024773884
"286",99.8147423673258,99.8147423673258,99.8147423673258,99.8147423673258
"287",3.46797279384544,3.46797279384544,3.46797279384544,3.46797279384544
"288",47.453815450245,47.453815450245,47.453815450245,47.453815450245
"289",384.094765668871,385.134870980183,386.177785519652,387.223516874743
"290",26.0666677078963,26.341685259291,26.6194971943309,26.9001319060401
"291",9.27017353997194,9.32680254014034,9.38172093120017,9.43497019467151
"292",152.810173987673,152.810173987673,152.810173987673,152.810173987673
"293",31.2287841985405,31.2287841985405,31.2287841985405,31.2287841985405
"294",216.342861921948,216.342861921948,216.342861921948,216.342861921948
"295",446.782047450896,446.782047450896,446.782047450896,446.782047450896
"296",5.16148026127427,5.16148026127427,5.16148026127427,5.16148026127427
"297",7.03551556055179,7.03551556055179,7.03551556055179,7.03551556055179
"298",5.68623633223312,5.68623633223312,5.68623633223312,5.68623633223312
"299",20.519338531078,20.519338531078,20.519338531078,20.519338531078
"300",23.9185690242595,23.9185690242595,23.9185690242595,23.9185690242595
"301",16.9797479872574,16.9797479872574,16.9797479872574,16.9797479872574
"302",23.4369739205216,23.4369739205216,23.4369739205216,23.4369739205216
"303",21.6497280263691,21.6497280263691,21.6497280263691,21.6497280263691
"304",27.9098741506896,27.9098741506896,27.9098741506896,27.9098741506896
"305",20.8830273057909,20.8830273057909,20.8830273057909,20.8830273057909
"306",6.52241638156938,6.52241638156938,6.52241638156938,6.52241638156938
"307",8.3047623096938,8.47202527692501,8.6422949733209,8.81562544802587
"308",12.8140517406078,12.8140517406078,12.8140517406078,12.8140517406078
"309",3.32706173626674,3.32706173626674,3.32706173626674,3.32706173626674
"310",19.218712806403,19.218712806403,19.218712806403,19.218712806403
"311",15.1716005609197,15.1716005609197,15.1716005609197,15.1716005609197
"312",17.8698330399679,17.8698330399679,17.8698330399679,17.8698330399679
"313",3.41792912864872,3.41792912864872,3.41792912864872,3.41792912864872
"314",4.72730967481749,4.72730967481749,4.72730967481749,4.72730967481749
"315",22.3443835609892,22.3443835609892,22.3443835609892,22.3443835609892
"316",16.7408779318955,16.7408779318955,16.7408779318955,16.7408779318955
"317",5.02369410814669,5.02369410814669,5.02369410814669,5.02369410814669
"318",21.7990726179803,21.7990726179803,21.7990726179803,21.7990726179803
"319",4.87029338489574,4.87029338489574,4.87029338489574,4.87029338489574
"320",9.3069088812876,9.3069088812876,9.3069088812876,9.3069088812876
"321",8.930947352798,8.930947352798,8.930947352798,8.930947352798
"322",19.0869203672805,19.0869203672805,19.0869203672805,19.0869203672805
"323",5.79864470934252,5.79864470934252,5.79864470934252,5.79864470934252
"324",6.37200286038894,6.37200286038894,6.37200286038894,6.37200286038894
"325",17.2180412745548,17.2541403337359,17.2879660591714,17.319657681984
"326",13.6145006503752,13.6145006503752,13.6145006503752,13.6145006503752
"327",5.64640709364941,5.64640709364941,5.64640709364941,5.64640709364941
"328",3.77473274142308,3.77473274142308,3.77473274142308,3.77473274142308
"329",4.28564864900769,4.28564864900769,4.28564864900769,4.28564864900769
"330",7.74413872788166,7.74413872788166,7.74413872788166,7.74413872788166
"331",9.60733406718252,9.60733406718252,9.60733406718252,9.60733406718252
"332",3.89792078011164,3.89792078011164,3.89792078011164,3.89792078011164
"333",16.968078992357,16.968078992357,16.968078992357,16.968078992357
"334",11.8850444932929,11.8850444932929,11.8850444932929,11.8850444932929
"335",22.3056837033557,22.3056837033557,22.3056837033557,22.3056837033557
"336",13.1398649432299,13.1398649432299,13.1398649432299,13.1398649432299
"337",9.98078387628376,9.98078387628376,9.98078387628376,9.98078387628376
"338",10.0090307232338,10.0090307232338,10.0090307232338,10.0090307232338
"339",17.3622440736807,17.3622440736807,17.3622440736807,17.3622440736807
"340",21.1797103391828,21.1797103391828,21.1797103391828,21.1797103391828
"341",16.0266646539117,16.0266646539117,16.0266646539117,16.0266646539117
"342",15.2000207735898,15.2000207735898,15.2000207735898,15.2000207735898
"343",14.3867511509252,14.5494665548169,14.7139026795031,14.8800777216631
"344",19.5498861694257,19.5498861694257,19.5498861694257,19.5498861694257
"345",14.7211556187296,14.7211556187296,14.7211556187296,14.7211556187296
"346",9.92281473352017,9.92281473352017,9.92281473352017,9.92281473352017
"347",6.35910704205077,6.35910704205077,6.35910704205077,6.35910704205077
"348",21.5005809031206,21.5005809031206,21.5005809031206,21.5005809031206
"349",12.079757156669,12.079757156669,12.079757156669,12.079757156669
"350",38.5961641488597,38.5961641488597,38.5961641488597,38.5961641488597
"351",7.74893411992583,7.74893411992583,7.74893411992583,7.74893411992583
"352",24.119808179843,24.119808179843,24.119808179843,24.119808179843
"353",20.2215920060149,20.2215920060149,20.2215920060149,20.2215920060149
"354",16.7535973933344,16.7535973933344,16.7535973933344,16.7535973933344
"355",5.58643660302705,5.59520259262221,5.60335390098399,5.61093293701529
"356",5.95398847243589,5.95398847243589,5.95398847243589,5.95398847243589
"357",4.75296846481891,4.75296846481891,4.75296846481891,4.75296846481891
"358",14.9121054482084,14.9121054482084,14.9121054482084,14.9121054482084
"359",9.44449792458966,9.20912101373703,8.97904855031332,8.75416099344079
"360",8.48790600532703,8.48790600532703,8.48790600532703,8.48790600532703
"361",27.0470697653044,27.0470697653044,27.0470697653044,27.0470697653044
"362",11.1115660774858,11.1115660774858,11.1115660774858,11.1115660774858
"363",22.1839214705633,22.1839214705633,22.1839214705633,22.1839214705633
"364",49.0929362370802,49.8746791726002,50.668621872461,51.4749547243762
"365",27.6795501227715,27.6795501227715,27.6795501227715,27.6795501227715
"366",21.5293778253456,21.5293778253456,21.5293778253456,21.5293778253456
"367",15.146633670801,15.146633670801,15.146633670801,15.146633670801
"368",18.4758255318206,18.4758255318206,18.4758255318206,18.4758255318206
"369",11.9366576253759,11.9366576253759,11.9366576253759,11.9366576253759
"370",18.4156368753647,18.4156368753647,18.4156368753647,18.4156368753647
"371",52.8360297538777,52.8360297538777,52.8360297538777,52.8360297538777
"372",16.1086261735845,16.4378476567833,16.7734043526345,17.1154181697053
"373",14.2094706869157,14.2094706869157,14.2094706869157,14.2094706869157
"374",19.6710088397274,19.6710088397274,19.6710088397274,19.6710088397274
"375",40.3625764514635,41.461104220943,42.5888072344195,43.7464603424576
"376",50.6318493649134,50.6318493649134,50.6318493649134,50.6318493649134
"377",16.8659126441046,16.8659126441046,16.8659126441046,16.8659126441046
"378",7.23674325465424,7.23674325465424,7.23674325465424,7.23674325465424
"379",30.7288786673875,31.3835482123908,32.0517257107525,32.7336898753063
"380",11.235489160952,11.235489160952,11.235489160952,11.235489160952
"381",16.0130019955845,16.0130019955845,16.0130019955845,16.0130019955845
"382",19.6674940854164,19.6674940854164,19.6674940854164,19.6674940854164
"383",17.5192675094498,17.5192675094498,17.5192675094498,17.5192675094498
"384",11.7957605640058,11.7957605640058,11.7957605640058,11.7957605640058
"385",20.8027346167531,21.208301524468,21.6214126471414,22.0422083196436
"386",31.0874391099047,31.8018940953318,32.5322570478751,33.2788821723801
"387",37.6610875573383,38.5556663255314,39.4709447486763,40.4074017960158
"388",22.3865944219572,23.1828575746303,24.0062317720696,24.8576400869377
"389",23.9252253172984,23.9252253172984,23.9252253172984,23.9252253172984
"390",29.9842024833698,30.0248390344849,30.0615228957282,30.0946344823769
"391",34.6877669706656,35.7029062255579,36.7469211371331,37.8206330740309
"392",20.2788182745349,21.0352800428141,21.8186340190855,22.6298362210634
"393",11.7899221181444,11.7899221181444,11.7899221181444,11.7899221181444
"394",25.5453924293457,25.5453924293457,25.5453924293457,25.5453924293457
"395",16.3506457612396,16.3506457612396,16.3506457612396,16.3506457612396
"396",9.67057283220078,9.67057283220078,9.67057283220078,9.67057283220078
"397",5.62785162391404,5.62785162391404,5.62785162391404,5.62785162391404
"398",12.4930237006487,12.4930237006487,12.4930237006487,12.4930237006487
"399",19.9404522136329,19.9404522136329,19.9404522136329,19.9404522136329
"400",170.275460541698,171.798487215427,173.335057044969,174.885290459644
"401",12.2737281419855,12.2737281419855,12.2737281419855,12.2737281419855
"402",20.0109672353149,20.0109672353149,20.0109672353149,20.0109672353149
"403",68.9376577889636,69.1904199865375,69.4440956938077,69.6986882122961
"404",113.219483584698,113.219483584698,113.219483584698,113.219483584698
"405",109.618375189748,109.618375189748,109.618375189748,109.618375189748
"406",26.6923148090366,26.6923148090366,26.6923148090366,26.6923148090366
"407",57.5561401614959,58.0313966490607,58.5105104388376,58.9935128376697
"408",24.8758356881575,25.7236627743303,26.5992690896152,27.503564826176
"409",4.25702050645348,4.25702050645348,4.25702050645348,4.25702050645348
"410",24.9690895412688,24.9690895412688,24.9690895412688,24.9690895412688
"411",32.1969736125596,32.1969736125596,32.1969736125596,32.1969736125596
"412",32.117343952307,32.117343952307,32.117343952307,32.117343952307
"413",35.7459319295474,35.7459319295474,35.7459319295474,35.7459319295474
"414",29.4808791774188,29.4808791774188,29.4808791774188,29.4808791774188
"415",6.63645912157113,6.63645912157113,6.63645912157113,6.63645912157113
"416",10.3638815526801,10.3638815526801,10.3638815526801,10.3638815526801
"417",5.17710679467518,5.17710679467518,5.17710679467518,5.17710679467518
"418",10.430725468582,10.430725468582,10.430725468582,10.430725468582
"419",6.75679324460844,6.75679324460844,6.75679324460844,6.75679324460844
"420",8.78377596882242,8.78377596882242,8.78377596882242,8.78377596882242
"421",5.19145406052875,5.19145406052875,5.19145406052875,5.19145406052875
"422",13.5023027759789,13.5023027759789,13.5023027759789,13.5023027759789
"423",18.3535915427532,18.3535915427532,18.3535915427532,18.3535915427532
"424",13.9062586485044,13.9062586485044,13.9062586485044,13.9062586485044
"425",43.2857425816722,43.2857425816722,43.2857425816722,43.2857425816722
"426",35.900097883154,35.900097883154,35.900097883154,35.900097883154
"427",37.159013029306,37.159013029306,37.159013029306,37.159013029306
"428",20.2951721674056,20.2951721674056,20.2951721674056,20.2951721674056
"429",42.6363066547301,42.6363066547301,42.6363066547301,42.6363066547301
"430",6.34872852123486,6.34872852123486,6.34872852123486,6.34872852123486
"431",22.1957968668269,22.1957968668269,22.1957968668269,22.1957968668269
"432",8.69177317504552,8.69177317504552,8.69177317504552,8.69177317504552
"433",8.36614173906535,8.36614173906535,8.36614173906535,8.36614173906535
"434",16.3363360793167,16.3363360793167,16.3363360793167,16.3363360793167
"435",9.06033635594135,9.06033635594135,9.06033635594135,9.06033635594135
"436",17.566306496621,17.566306496621,17.566306496621,17.566306496621
"437",7.69622718159077,7.69622718159077,7.69622718159077,7.69622718159077
"438",16.1758126928886,16.1758126928886,16.1758126928886,16.1758126928886
"439",9.1859671618825,9.1859671618825,9.1859671618825,9.1859671618825
"440",12.8627166493042,12.8627166493042,12.8627166493042,12.8627166493042
"441",16.7016245503439,16.7016245503439,16.7016245503439,16.7016245503439
"442",18.9426209887405,18.9426209887405,18.9426209887405,18.9426209887405
"443",31.6880366129449,31.6880366129449,31.6880366129449,31.6880366129449
"444",26.6256480447612,26.6256480447612,26.6256480447612,26.6256480447612
"445",16.4000405979158,16.4000405979158,16.4000405979158,16.4000405979158
"446",11.6114581748976,11.6114581748976,11.6114581748976,11.6114581748976
"447",222.757735254796,222.757735254796,222.757735254796,222.757735254796
"448",9.01764590441447,9.01764590441447,9.01764590441447,9.01764590441447
"449",8.56425955368901,8.56425955368901,8.56425955368901,8.56425955368901
"450",23.5371129545627,23.5371129545627,23.5371129545627,23.5371129545627
"451",16.9875840276357,16.9875840276357,16.9875840276357,16.9875840276357
"452",27.6638180452513,27.6638180452513,27.6638180452513,27.6638180452513
"453",5.21294316494551,5.21294316494551,5.21294316494551,5.21294316494551
"454",55.0902442983886,55.0902442983886,55.0902442983886,55.0902442983886
"455",56.6068049262566,56.6068049262566,56.6068049262566,56.6068049262566
"456",44.6249161078114,44.6249161078114,44.6249161078114,44.6249161078114
"457",24.7063322411668,24.7063322411668,24.7063322411668,24.7063322411668
"458",47.3539074410694,47.3539074410694,47.3539074410694,47.3539074410694
"459",42.8689662006025,42.8689662006025,42.8689662006025,42.8689662006025
"460",55.1939834100332,55.1939834100332,55.1939834100332,55.1939834100332
"461",28.4358611406968,28.4358611406968,28.4358611406968,28.4358611406968
"462",23.1416700703271,23.1416700703271,23.1416700703271,23.1416700703271
"463",6.28469723083655,6.28469723083655,6.28469723083655,6.28469723083655
"464",30.9541235670093,30.9541235670093,30.9541235670093,30.9541235670093
"465",25.5835777526464,25.5835777526464,25.5835777526464,25.5835777526464
"466",22.7172601736792,22.7172601736792,22.7172601736792,22.7172601736792
"467",23.1536839326594,23.1536839326594,23.1536839326594,23.1536839326594
"468",11.1817766811077,11.1817766811077,11.1817766811077,11.1817766811077
"469",12.3077045362687,12.3077045362687,12.3077045362687,12.3077045362687
"470",4.30433864460929,4.30433864460929,4.30433864460929,4.30433864460929
"471",6.74722522716862,6.53893714044006,6.33624898475791,6.13901020313054
"472",21.3988539321349,21.3988539321349,21.3988539321349,21.3988539321349
"473",15.6345986725676,15.6345986725676,15.6345986725676,15.6345986725676
"474",31.0456832838745,31.0456832838745,31.0456832838745,31.0456832838745
"475",19.7397238715576,19.7397238715576,19.7397238715576,19.7397238715576
"476",24.9076951172175,24.9076951172175,24.9076951172175,24.9076951172175
"477",13.3555733259191,13.2100963871102,13.0660936868596,12.9235502854847
"478",13.7545147578368,13.7821660302242,13.8079398255766,13.8319606009039
"479",25.250273344765,25.250273344765,25.250273344765,25.250273344765
"480",32.8886273546769,32.8886273546769,32.8886273546769,32.8886273546769
"481",8.89499048819752,8.89558446451488,8.89605967124512,8.89643985306376
"482",28.9822358536041,28.9822358536041,28.9822358536041,28.9822358536041
"483",25.934354362697,25.934354362697,25.934354362697,25.934354362697
"484",39.9399371022994,39.9399371022994,39.9399371022994,39.9399371022994
"485",12.5003631722196,12.5003631722196,12.5003631722196,12.5003631722196
"486",6.26172914453178,6.26172914453178,6.26172914453178,6.26172914453178
"487",18.0125618759557,18.0125618759557,18.0125618759557,18.0125618759557
"488",11.0887142152955,11.0887142152955,11.0887142152955,11.0887142152955
"489",10.3785863789009,10.3785863789009,10.3785863789009,10.3785863789009
"490",19.9432447846757,19.9432447846757,19.9432447846757,19.9432447846757
"491",30.2773117646411,30.2773117646411,30.2773117646411,30.2773117646411
"492",29.3083671142998,29.3083671142998,29.3083671142998,29.3083671142998
"493",13.6975023890963,13.6975023890963,13.6975023890963,13.6975023890963
"494",18.5402536354906,18.5402536354906,18.5402536354906,18.5402536354906
"495",25.2673872948117,25.0070919272154,24.7493759436146,24.4942137837319
"496",17.5794530664714,17.5794530664714,17.5794530664714,17.5794530664714
"497",40.4987307679414,40.4987307679414,40.4987307679414,40.4987307679414
"498",9.54696296668305,9.54696296668305,9.54696296668305,9.54696296668305
"499",13.5389436208837,13.5389436208837,13.5389436208837,13.5389436208837
"500",45.6995547800668,45.6995547800668,45.6995547800668,45.6995547800668
"501",82.7939204756453,82.7939204756453,82.7939204756453,82.7939204756453
"502",222.08996732586,222.08996732586,222.08996732586,222.08996732586
"503",167.15863373569,167.15863373569,167.15863373569,167.15863373569
"504",89.9641682264782,89.7061646155781,89.4488927858238,89.1923506616485
"505",200.299215044249,199.764142451625,199.230492133198,198.698260308426
"506",55.671399958347,55.671399958347,55.671399958347,55.671399958347
"507",202.414709648869,202.414709648869,202.414709648869,202.414709648869
"508",448.874011965326,448.140225392112,447.407635693401,446.676240916981
"509",380.400683754512,379.570090574796,378.741306214673,377.914326734999
"510",155.754624412398,156.875246291114,158.003879374601,159.140580934096
"511",669.621591730167,666.449697719911,663.920796088042,661.902825966265
"512",940.563199251708,937.838545189614,935.121775611287,932.412867700952
"513",18.5723217709361,18.5723217709361,18.5723217709361,18.5723217709361
"514",4.42329109586758,4.42329109586758,4.42329109586758,4.42329109586758
"515",6.16081070007365,6.16081070007365,6.16081070007365,6.16081070007365
"516",23.7785559655144,23.7785559655144,23.7785559655144,23.7785559655144
"517",5.72248028052161,5.72248028052161,5.72248028052161,5.72248028052161
"518",3.92232093741821,3.92232093741821,3.92232093741821,3.92232093741821
"519",8.24118138114229,8.24118138114229,8.24118138114229,8.24118138114229
"520",4.65341045871529,4.65341045871529,4.65341045871529,4.65341045871529
"521",8.93333291181012,8.93333291181012,8.93333291181012,8.93333291181012
"522",8.0132146542151,8.0132146542151,8.0132146542151,8.0132146542151
"523",5.05563808860971,5.05563808860971,5.05563808860971,5.05563808860971
"524",5.09309555217286,5.09309555217286,5.09309555217286,5.09309555217286
"525",4.44375782888889,4.44375782888889,4.44375782888889,4.44375782888889
"526",3.5385617051186,3.5385617051186,3.5385617051186,3.5385617051186
"527",11.6635585685289,11.6635585685289,11.6635585685289,11.6635585685289
"528",16.478147676503,16.478147676503,16.478147676503,16.478147676503
"529",13.2435263284721,13.2435263284721,13.2435263284721,13.2435263284721
"530",16.0917609416803,16.0917609416803,16.0917609416803,16.0917609416803
"531",17.0627667900233,17.0627667900233,17.0627667900233,17.0627667900233
"532",12.1264833521617,12.1264833521617,12.1264833521617,12.1264833521617
"533",20.1790881937882,20.5363314912189,20.8996006747685,21.2689973875015
"534",14.0833332091166,14.0833332091166,14.0833332091166,14.0833332091166
"535",15.8471864249576,15.8471864249576,15.8471864249576,15.8471864249576
"536",19.1463148295307,19.1463148295307,19.1463148295307,19.1463148295307
"537",21.1387283145782,21.1387283145782,21.1387283145782,21.1387283145782
"538",9.17201642060406,9.17201642060406,9.17201642060406,9.17201642060406
"539",18.6852882904247,18.6852882904247,18.6852882904247,18.6852882904247
"540",21.9102317099494,21.9102317099494,21.9102317099494,21.9102317099494
"541",17.6340280915059,17.6340280915059,17.6340280915059,17.6340280915059
"542",8.36487315232706,8.36487315232706,8.36487315232706,8.36487315232706
"543",16.3184115225486,16.5480690444996,16.7807720292126,17.0165608622292
"544",28.0344662060845,28.0344662060845,28.0344662060845,28.0344662060845
"545",13.9968175655467,13.9968175655467,13.9968175655467,13.9968175655467
"546",3.88371194247306,3.88371194247306,3.88371194247306,3.88371194247306
"547",7.47685495514936,7.47685495514936,7.47685495514936,7.47685495514936
"548",5.14282190259092,5.14282190259092,5.14282190259092,5.14282190259092
"549",8.27004947163559,8.27004947163559,8.27004947163559,8.27004947163559
"550",5.38518845103646,5.38518845103646,5.38518845103646,5.38518845103646
"551",3.90272064228016,3.90272064228016,3.90272064228016,3.90272064228016
"552",5.18186648235492,5.18186648235492,5.18186648235492,5.18186648235492
"553",9.32395288910214,9.32395288910214,9.32395288910214,9.32395288910214
"554",5.49823399136059,5.49823399136059,5.49823399136059,5.49823399136059
"555",6.96696388694341,6.96696388694341,6.96696388694341,6.96696388694341
"556",8.37254909151022,8.37254909151022,8.37254909151022,8.37254909151022
"557",18.3697357902834,18.3697357902834,18.3697357902834,18.3697357902834
"558",22.6625097890472,22.6625097890472,22.6625097890472,22.6625097890472
"559",15.5925816005071,15.5925816005071,15.5925816005071,15.5925816005071
"560",21.4283353197129,21.4283353197129,21.4283353197129,21.4283353197129
"561",25.4919668989302,25.4919668989302,25.4919668989302,25.4919668989302
"562",10.9558851261821,10.0186248822772,9.15483947988617,8.3587689901413
"563",18.7578099869387,18.7578099869387,18.7578099869387,18.7578099869387
"564",19.0279954470257,19.0279954470257,19.0279954470257,19.0279954470257
"565",22.3955818871627,22.3955818871627,22.3955818871627,22.3955818871627
"566",18.9680204114897,18.9680204114897,18.9680204114897,18.9680204114897
"567",23.2888698025905,23.2888698025905,23.2888698025905,23.2888698025905
"568",6.43375976435577,6.43375976435577,6.43375976435577,6.43375976435577
"569",21.9335257333004,21.9335257333004,21.9335257333004,21.9335257333004
"570",8.8520790337885,8.8520790337885,8.8520790337885,8.8520790337885
"571",17.8690283658064,17.8690283658064,17.8690283658064,17.8690283658064
"572",6.71299554740283,6.71299554740283,6.71299554740283,6.71299554740283
"573",26.0473103759912,26.0473103759912,26.0473103759912,26.0473103759912
"574",14.2062661285099,14.2062661285099,14.2062661285099,14.2062661285099
"575",2.70937778299731,2.70917839135625,2.70901017407794,2.70886825603287
"576",5.46110462616458,5.46110462616458,5.46110462616458,5.46110462616458
"577",5.67424367068486,5.67424367068486,5.67424367068486,5.67424367068486
"578",94.0293255948378,94.0293255948378,94.0293255948378,94.0293255948378
"579",127.656433626645,127.656433626645,127.656433626645,127.656433626645
"580",102.164901176688,102.164901176688,102.164901176688,102.164901176688
"581",52.6761103969883,52.6761103969883,52.6761103969883,52.6761103969883
"582",409.181647428915,409.181647428915,409.181647428915,409.181647428915
"583",9.88892405431911,9.88892405431911,9.88892405431911,9.88892405431911
"584",263.38912344275,263.38912344275,263.38912344275,263.38912344275
"585",215.30230150098,215.30230150098,215.30230150098,215.30230150098
"586",144.007707276478,144.007707276478,144.007707276478,144.007707276478
"587",167.776824684371,167.270991267703,166.782668606215,166.31120628749
"588",7.37650727107784,7.37650727107784,7.37650727107784,7.37650727107784
"589",18.1156393005518,18.1156393005518,18.1156393005518,18.1156393005518
"590",14.018578815841,14.018578815841,14.018578815841,14.018578815841
"591",15.9314892435532,15.9314892435532,15.9314892435532,15.9314892435532
"592",16.6674884656504,16.6674884656504,16.6674884656504,16.6674884656504
"593",11.9308967760795,11.9308967760795,11.9308967760795,11.9308967760795
"594",8.00498350814511,7.93330656155592,7.86220014179419,7.79165970763887
"595",4.63723852342202,4.63723852342202,4.63723852342202,4.63723852342202
"596",6.33048949987329,6.33048949987329,6.33048949987329,6.33048949987329
"597",197.367297643463,197.367297643463,197.367297643463,197.367297643463
"598",6.76504300260942,6.76504300260942,6.76504300260942,6.76504300260942
"599",5.44929438134807,5.44929438134807,5.44929438134807,5.44929438134807
"600",11.6389388391114,11.6389388391114,11.6389388391114,11.6389388391114
"601",10.22798779343,10.22798779343,10.22798779343,10.22798779343
"602",8.57887961391202,8.57887961391202,8.57887961391202,8.57887961391202
"603",4.20406075974449,4.20406075974449,4.20406075974449,4.20406075974449
"604",8.97188721784439,8.97188721784439,8.97188721784439,8.97188721784439
"605",5.31079746170835,5.31079746170835,5.31079746170835,5.31079746170835
"606",12.9116286799682,12.9116286799682,12.9116286799682,12.9116286799682
"607",11.0200064328647,11.0200064328647,11.0200064328647,11.0200064328647
"608",25.1822165320509,25.1822165320509,25.1822165320509,25.1822165320509
"609",8.5415902938904,8.5415902938904,8.5415902938904,8.5415902938904
"610",12.3561564781116,12.3561564781116,12.3561564781116,12.3561564781116
"611",12.6258539516647,11.6415498999729,10.9055536911443,10.3477306132493
"612",11.5208752711945,11.5208752711945,11.5208752711945,11.5208752711945
"613",4.85151070912858,4.85151070912858,4.85151070912858,4.85151070912858
"614",3.04798477706529,2.97307100053229,2.8995436111088,2.82737695170868
"615",9.77134345826125,9.77134345826125,9.77134345826125,9.77134345826125
"616",9.01494030113218,9.01494030113218,9.01494030113218,9.01494030113218
"617",20.1193705798455,20.1199093943069,20.1203649745787,20.1207501769887
"618",11.2936724780327,14.3139624316638,18.0762724301842,22.7629007811971
"619",9.93591374647742,9.93591374647742,9.93591374647742,9.93591374647742
"620",20.6104344104161,20.6104344104161,20.6104344104161,20.6104344104161
"621",5.50351827952001,5.50351827952001,5.50351827952001,5.50351827952001
"622",5.23221568769636,5.18538941049004,5.13891496645941,5.09278971207629
"623",7.85014290842027,7.85014290842027,7.85014290842027,7.85014290842027
"624",15.0874606953726,15.0874606953726,15.0874606953726,15.0874606953726
"625",12.8629420493041,12.8629420493041,12.8629420493041,12.8629420493041
"626",8.38590510245285,8.38590510245285,8.38590510245285,8.38590510245285
"627",7.68553940687232,7.68553940687232,7.68553940687232,7.68553940687232
"628",4.81019219692252,4.81019219692252,4.81019219692252,4.81019219692252
"629",6.96659482769634,6.96659482769634,6.96659482769634,6.96659482769634
"630",7.8909607488634,7.8909607488634,7.8909607488634,7.8909607488634
"631",11.1612920048146,11.1612920048146,11.1612920048146,11.1612920048146
"632",19.9803587530109,19.9803587530109,19.9803587530109,19.9803587530109
"633",5.32441864779893,5.32441864779893,5.32441864779893,5.32441864779893
"634",9.69255615897887,9.69255615897887,9.69255615897887,9.69255615897887
"635",2.61737941046304,2.61737941046304,2.61737941046304,2.61737941046304
"636",20.6382770731503,20.6379468879489,20.6376813296246,20.6374677482366
"637",11.7118544049997,11.7118544049997,11.7118544049997,11.7118544049997
"638",20.8150929126003,20.9613296802864,21.0790300736853,21.1736488133738
"639",11.4004865504764,11.4004865504764,11.4004865504764,11.4004865504764
"640",4.53078716010156,4.53078716010156,4.53078716010156,4.53078716010156
"641",11.5777706098854,11.586058126408,11.5935362061864,11.6002834912684
"642",14.3455450504186,14.3455450504186,14.3455450504186,14.3455450504186
"643",9.58495526560662,9.58495526560662,9.58495526560662,9.58495526560662
"644",9.02594437842642,9.02594437842642,9.02594437842642,9.02594437842642
"645",10.1797344110282,10.2421269950823,10.3026544337563,10.3613611894818
"646",10.1718588929996,10.1716386608914,10.1714624783307,10.1713215342827
"647",7.32446460184888,7.32477387016548,7.32503496682132,7.32525539386219
"648",8.85245926034966,8.85245926034966,8.85245926034966,8.85245926034966
"649",10.1619369951303,10.2649807324062,10.3689757393225,10.4739307977223
"650",5.42880593461333,5.42880593461333,5.42880593461333,5.42880593461333
"651",13.1500298488517,13.3327737149161,13.5178776693295,13.7053721920042
"652",13.1575691556947,13.1575691556947,13.1575691556947,13.1575691556947
"653",7.65487132197258,7.65487132197258,7.65487132197258,7.65487132197258
"654",8.08659220223591,8.08659220223591,8.08659220223591,8.08659220223591
"655",6.77609700331658,6.77609700331658,6.77609700331658,6.77609700331658
"656",4.65395679135972,4.65395679135972,4.65395679135972,4.65395679135972
"657",6.48975758389019,6.36079840990897,6.23405966407481,6.10950311489937
"658",9.07162255297335,9.07162255297335,9.07162255297335,9.07162255297335
"659",9.23696001688474,9.23696001688474,9.23696001688474,9.23696001688474
"660",9.06495768270383,9.06495768270383,9.06495768270383,9.06495768270383
"661",7.77187925268266,7.77187925268266,7.77187925268266,7.77187925268266
"662",17.4085571678653,17.4085571678653,17.4085571678653,17.4085571678653
"663",8.93138093927497,8.93138093927497,8.93138093927497,8.93138093927497
"664",209.916616709557,209.451839596759,208.988086669574,208.525355671102
"665",440.591410028775,440.591410028775,440.591410028775,440.591410028775
"666",272.018253446201,289.793037615282,308.72504460104,328.889615101551
"667",30.7818753672219,30.7818753672219,30.7818753672219,30.7818753672219
"668",217.465310348174,217.465310348174,217.465310348174,217.465310348174
"669",4.65088006958376,4.65088006958376,4.65088006958376,4.65088006958376
"670",180.555890821823,180.555890821823,180.555890821823,180.555890821823
"671",191.869775312165,191.869775312165,191.869775312165,191.869775312165
"672",63.6164523108194,63.6164523108194,63.6164523108194,63.6164523108194
"673",289.816527594198,289.816527594198,289.816527594198,289.816527594198
"674",125.261372844231,125.261372844231,125.261372844231,125.261372844231
"675",62.1732073756893,62.1732073756893,62.1732073756893,62.1732073756893
"676",184.823522190348,184.823522190348,184.823522190348,184.823522190348
"677",184.637403797849,185.090938498637,185.545581239726,186.001334728193
"678",24.4425260358704,24.4425260358704,24.4425260358704,24.4425260358704
"679",12.3099638613794,12.3099638613794,12.3099638613794,12.3099638613794
"680",13.2153350603658,13.2153350603658,13.2153350603658,13.2153350603658
"681",14.8060551038521,14.8060551038521,14.8060551038521,14.8060551038521
"682",37.8567231281231,37.8567231281231,37.8567231281231,37.8567231281231
"683",9.88833402258007,9.88833402258007,9.88833402258007,9.88833402258007
"684",11.5035313438506,11.5035313438506,11.5035313438506,11.5035313438506
"685",15.5834341424056,15.5834341424056,15.5834341424056,15.5834341424056
"686",9.97447403925425,9.97706358967597,9.97938487897052,9.98146564899151
"687",8.24899815494156,8.24899815494156,8.24899815494156,8.24899815494156
"688",11.4964749505,11.4964749505,11.4964749505,11.4964749505
"689",13.3737372797877,13.3737372797877,13.3737372797877,13.3737372797877
"690",6.18241787812698,6.18241787812698,6.18241787812698,6.18241787812698
"691",8.47200879542516,8.47200879542516,8.47200879542516,8.47200879542516
"692",6.91715002608156,6.91715002608156,6.91715002608156,6.91715002608156
"693",14.0609820876426,14.0609820876426,14.0609820876426,14.0609820876426
"694",9.81226392152463,9.81226392152463,9.81226392152463,9.81226392152463
"695",35.9094069966379,35.9094069966379,35.9094069966379,35.9094069966379
"696",35.449414211271,35.449414211271,35.449414211271,35.449414211271
"697",19.2572528934241,19.2572528934241,19.2572528934241,19.2572528934241
"698",17.7312924725764,17.7312924725764,17.7312924725764,17.7312924725764
"699",20.6121614997834,20.6121614997834,20.6121614997834,20.6121614997834
"700",23.7919037572374,23.7919037572374,23.7919037572374,23.7919037572374
"701",27.3397519826207,27.3397519826207,27.3397519826207,27.3397519826207
"702",35.5640357926103,35.5640357926103,35.5640357926103,35.5640357926103
"703",23.7601107188922,23.7601107188922,23.7601107188922,23.7601107188922
"704",15.9343181930876,15.9343181930876,15.9343181930876,15.9343181930876
"705",12.0002876462817,12.0003388412028,12.0003810646918,12.0004158888866
"706",38.7950049360149,39.6440836650591,40.5112786046497,41.396976287947
"707",20.1739416332453,20.2218773183052,20.2603041223475,20.2910957631111
"708",22.5725315931962,22.5725315931962,22.5725315931962,22.5725315931962
"709",14.0470851922321,14.0470851922321,14.0470851922321,14.0470851922321
"710",83.7286402729242,83.7286402729242,83.7286402729242,83.7286402729242
"711",78.2839677293357,78.2839677293357,78.2839677293357,78.2839677293357
"712",63.7189209943616,63.7189209943616,63.7189209943616,63.7189209943616
"713",86.2503578933468,86.2503578933468,86.2503578933468,86.2503578933468
"714",25.867467812577,25.867467812577,25.867467812577,25.867467812577
"715",44.9162675578009,44.9162675578009,44.9162675578009,44.9162675578009
"716",40.6617956338681,40.6617956338681,40.6617956338681,40.6617956338681
"717",34.8338112985121,34.8338112985121,34.8338112985121,34.8338112985121
"718",24.347269449246,24.347269449246,24.347269449246,24.347269449246
"719",36.2359444480404,36.2359444480404,36.2359444480404,36.2359444480404
"720",21.4116080163715,21.4116080163715,21.4116080163715,21.4116080163715
"721",39.5518570417416,39.5518570417416,39.5518570417416,39.5518570417416
"722",40.2969458043936,40.2969458043936,40.2969458043936,40.2969458043936
"723",24.0178214414973,24.0178214414973,24.0178214414973,24.0178214414973
"724",56.0718387476027,56.0718387476027,56.0718387476027,56.0718387476027
"725",20.9814753347969,20.9814753347969,20.9814753347969,20.9814753347969
"726",16.8471646117115,16.8471646117115,16.8471646117115,16.8471646117115
"727",45.6938130269429,46.1117207934578,46.5333688178354,46.9587905752346
"728",19.7729675115292,19.7729675115292,19.7729675115292,19.7729675115292
"729",16.0299732754705,16.0299732754705,16.0299732754705,16.0299732754705
"730",10.5673191423158,10.5673191423158,10.5673191423158,10.5673191423158
"731",11.8800963717006,11.8800963717006,11.8800963717006,11.8800963717006
"732",11.7263593085904,11.7263593085904,11.7263593085904,11.7263593085904
"733",10.0316751527769,10.0316751527769,10.0316751527769,10.0316751527769
"734",13.3735893659363,13.5880873090129,13.8057862178616,14.0267338606884
"735",59.3799535595517,59.3811032587833,59.3820594893086,59.3828548052563
"736",31.5061781284953,31.5061781284953,31.5061781284953,31.5061781284953
"737",9.1040420576215,9.1040420576215,9.1040420576215,9.1040420576215
"738",51.66448680211,51.66448680211,51.66448680211,51.66448680211
"739",65.4948703618838,65.4945575395411,65.4943058732769,65.4941034070446
"740",47.0100308383474,47.0100308383474,47.0100308383474,47.0100308383474
"741",112.04487510415,112.04487510415,112.04487510415,112.04487510415
"742",112.305447927749,112.305447927749,112.305447927749,112.305447927749
"743",74.6469165137688,74.6469165137688,74.6469165137688,74.6469165137688
"744",111.949201618919,111.949201618919,111.949201618919,111.949201618919
"745",51.5957298381039,51.5957298381039,51.5957298381039,51.5957298381039
"746",88.3706810847868,88.3706810847868,88.3706810847868,88.3706810847868
"747",52.6602105812175,52.6602105812175,52.6602105812175,52.6602105812175
"748",38.8431397056266,38.8431397056266,38.8431397056266,38.8431397056266
"749",51.0666670077186,51.0666670077186,51.0666670077186,51.0666670077186
"750",48.0921365022271,48.0921365022271,48.0921365022271,48.0921365022271
"751",60.510590633449,60.510590633449,60.510590633449,60.510590633449
"752",11.7289792700787,11.8215869845339,11.9148684520524,12.0088285744202
"753",12.6274324686436,12.6274324686436,12.6274324686436,12.6274324686436
"754",12.8712364508446,12.8712364508446,12.8712364508446,12.8712364508446
"755",13.4340723858168,13.4340723858168,13.4340723858168,13.4340723858168
"756",7.66450716968818,7.61210673809438,7.56818775341406,7.53134506844821
"757",9.5850936269639,9.5850936269639,9.5850936269639,9.5850936269639
"758",7.0976336320437,7.0976336320437,7.0976336320437,7.0976336320437
"759",22.6960649512915,22.6959265392163,22.6958144246722,22.6957236111822
"760",6.76339624751396,6.76339624751396,6.76339624751396,6.76339624751396
"761",7.76796494914226,7.76796494914226,7.76796494914226,7.76796494914226
"762",3.45038018493365,3.45038018493365,3.45038018493365,3.45038018493365
"763",15.5347510903427,15.5347510903427,15.5347510903427,15.5347510903427
"764",19.4217878995487,19.4217878995487,19.4217878995487,19.4217878995487
"765",15.5804942866809,15.5804942866809,15.5804942866809,15.5804942866809
"766",7.18082824835401,7.18082824835401,7.18082824835401,7.18082824835401
"767",10.4744182947632,10.4744182947632,10.4744182947632,10.4744182947632
"768",35.7748542444111,35.7748542444111,35.7748542444111,35.7748542444111
"769",38.2091344701689,38.2091344701689,38.2091344701689,38.2091344701689
"770",37.8360380609123,37.8360380609123,37.8360380609123,37.8360380609123
"771",23.5522368033721,23.5522368033721,23.5522368033721,23.5522368033721
"772",26.6656816993215,26.6656816993215,26.6656816993215,26.6656816993215
"773",31.8836089788143,31.8836089788143,31.8836089788143,31.8836089788143
"774",25.1442233932945,25.1442233932945,25.1442233932945,25.1442233932945
"775",33.8245145069206,33.8245145069206,33.8245145069206,33.8245145069206
"776",20.625815612185,20.625815612185,20.625815612185,20.625815612185
"777",30.7945098809026,31.3806528687527,31.9776016090266,32.5855553095759
"778",20.9361683437225,20.9361683437225,20.9361683437225,20.9361683437225
"779",21.1738054955485,21.1738054955485,21.1738054955485,21.1738054955485
"780",34.262876470977,34.6233773971374,34.9875638115724,35.3554733919213
"781",36.7076624477397,37.2170719822364,37.7333633560462,38.2566295389883
"782",17.6779170354211,17.6779170354211,17.6779170354211,17.6779170354211
"783",3.44920095970669,3.44920095970669,3.44920095970669,3.44920095970669
"784",12.703377621905,12.703377621905,12.703377621905,12.703377621905
"785",7.9410627313578,7.9410627313578,7.9410627313578,7.9410627313578
"786",9.75984943237887,9.75984943237887,9.75984943237887,9.75984943237887
"787",12.6934341751248,12.6934341751248,12.6934341751248,12.6934341751248
"788",5.75180532112963,5.75180532112963,5.75180532112963,5.75180532112963
"789",20.75718706144,20.75718706144,20.75718706144,20.75718706144
"790",8.76487334478758,8.76487334478758,8.76487334478758,8.76487334478758
"791",6.67340829157905,6.67340829157905,6.67340829157905,6.67340829157905
"792",6.63805303493531,6.63805303493531,6.63805303493531,6.63805303493531
"793",6.51909578838207,6.51909578838207,6.51909578838207,6.51909578838207
"794",18.6457786746533,18.6457786746533,18.6457786746533,18.6457786746533
"795",10.0706648196557,9.87001192949129,9.71211127321728,9.58744381714373
"796",7.84058838861958,7.84058838861958,7.84058838861958,7.84058838861958
"797",27.9595184828881,27.9595184828881,27.9595184828881,27.9595184828881
"798",30.5538527290241,30.5538527290241,30.5538527290241,30.5538527290241
"799",20.9028556740055,20.9028556740055,20.9028556740055,20.9028556740055
"800",12.7488796666992,12.7488796666992,12.7488796666992,12.7488796666992
"801",25.1952098998485,25.1952098998485,25.1952098998485,25.1952098998485
"802",22.9005615857201,22.9005615857201,22.9005615857201,22.9005615857201
"803",13.9680373682363,13.9680373682363,13.9680373682363,13.9680373682363
"804",33.2227263358264,33.2227263358264,33.2227263358264,33.2227263358264
"805",20.64084986775,20.64084986775,20.64084986775,20.64084986775
"806",10.1136230469881,10.1136230469881,10.1136230469881,10.1136230469881
"807",9.77853005189091,9.77847469602279,9.77842947314276,9.77839252835816
"808",10.9814189771652,10.9814189771652,10.9814189771652,10.9814189771652
"809",5.05634928516066,5.05634928516066,5.05634928516066,5.05634928516066
"810",13.7902699493731,13.6667542972558,13.5442701419517,13.4228088692838
"811",15.4465033957131,15.4465033957131,15.4465033957131,15.4465033957131
"812",21.9503644483004,21.9503644483004,21.9503644483004,21.9503644483004
"813",24.6487487447692,24.6487487447692,24.6487487447692,24.6487487447692
"814",41.3449354385988,41.3449354385988,41.3449354385988,41.3449354385988
"815",18.0442104502124,18.0442104502124,18.0442104502124,18.0442104502124
"816",39.5349632089142,39.4286103412764,39.322536515028,39.2167409980394
"817",33.6526418560175,33.6526418560175,33.6526418560175,33.6526418560175
"818",14.3995127740265,14.3995127740265,14.3995127740265,14.3995127740265
"819",19.6622226573158,19.6622226573158,19.6622226573158,19.6622226573158
"820",45.9866790968171,45.9866790968171,45.9866790968171,45.9866790968171
"821",15.9235116474984,15.9235116474984,15.9235116474984,15.9235116474984
"822",5.55537962658291,5.55537962658291,5.55537962658291,5.55537962658291
"823",10.3281684567292,10.3281684567292,10.3281684567292,10.3281684567292
"824",8.20270078355508,8.20270078355508,8.20270078355508,8.20270078355508
"825",25.4062185050446,25.7058397877774,26.0088607588468,26.3153199932189
"826",16.774572888205,16.774572888205,16.774572888205,16.774572888205
"827",12.8789584913675,12.8789584913675,12.8789584913675,12.8789584913675
"828",10.0353800948358,10.0353800948358,10.0353800948358,10.0353800948358
"829",21.5357370488657,21.5357370488657,21.5357370488657,21.5357370488657
"830",6.69601510024918,6.69601510024918,6.69601510024918,6.69601510024918
"831",27.5828711118654,27.5828711118654,27.5828711118654,27.5828711118654
"832",36.7545528351806,36.7545528351806,36.7545528351806,36.7545528351806
"833",35.9942279679809,35.9942279679809,35.9942279679809,35.9942279679809
"834",31.2992938517027,31.2992938517027,31.2992938517027,31.2992938517027
"835",37.3118134474905,37.3118134474905,37.3118134474905,37.3118134474905
"836",48.3371624915817,48.3371624915817,48.3371624915817,48.3371624915817
"837",41.3826375721336,41.3826375721336,41.3826375721336,41.3826375721336
"838",40.6556723307502,40.6556723307502,40.6556723307502,40.6556723307502
"839",50.9271670702737,50.9271670702737,50.9271670702737,50.9271670702737
"840",30.7235643929786,30.7235643929786,30.7235643929786,30.7235643929786
"841",34.9659502800886,35.8094254660948,36.6726818725015,37.5561834094357
"842",32.9520093436299,32.9520093436299,32.9520093436299,32.9520093436299
"843",37.8672000378493,37.8641385344517,37.8614788303485,37.8591681700942
"844",11.8916967366319,11.8916967366319,11.8916967366319,11.8916967366319
"845",17.2644868615032,17.2644868615032,17.2644868615032,17.2644868615032
"846",9.55744272566375,9.55744272566375,9.55744272566375,9.55744272566375
"847",5.78196849755911,5.78196849755911,5.78196849755911,5.78196849755911
"848",20.0853926909101,19.5376062634564,19.0040510136952,18.4843572237798
"849",6.31248404349078,6.31248404349078,6.31248404349078,6.31248404349078
"850",10.7907099832064,10.7907099832064,10.7907099832064,10.7907099832064
"851",8.98798834753823,8.98798834753823,8.98798834753823,8.98798834753823
"852",237.592940048133,237.592940048133,237.592940048133,237.592940048133
"853",641.342649724678,641.342649724678,641.342649724678,641.342649724678
"854",792.080136415082,792.080136415082,792.080136415082,792.080136415082
"855",53.5539554631763,54.4981514709454,55.4586892103729,56.4358515170051
"856",5.96970274326467,5.96970274326467,5.96970274326467,5.96970274326467
"857",4.18811174343354,4.18811174343354,4.18811174343354,4.18811174343354
"858",18.7478809658536,18.4861989645787,18.2279845490113,17.9731917696762
"859",35.1240048716842,35.1240048716842,35.1240048716842,35.1240048716842
"860",13.8939659842412,13.8939659842412,13.8939659842412,13.8939659842412
"861",4.17850799213463,4.17850799213463,4.17850799213463,4.17850799213463
"862",11.9443092652688,11.9443092652688,11.9443092652688,11.9443092652688
"863",7.76582744116568,7.76582744116568,7.76582744116568,7.76582744116568
"864",8.69357034856078,8.69357034856078,8.69357034856078,8.69357034856078
"865",23.0989880101049,23.0989880101049,23.0989880101049,23.0989880101049
"866",11.5324592124799,11.5324592124799,11.5324592124799,11.5324592124799
"867",32.5664797627466,32.5664797627466,32.5664797627466,32.5664797627466
"868",5.64789570116794,5.64789570116794,5.64789570116794,5.64789570116794
"869",13.5029833904349,13.5029833904349,13.5029833904349,13.5029833904349
"870",29.7192127730475,29.7192127730475,29.7192127730475,29.7192127730475
"871",6.15692348301801,6.15692348301801,6.15692348301801,6.15692348301801
"872",7.81613869275387,7.81613869275387,7.81613869275387,7.81613869275387
"873",8.00840619668855,8.00840619668855,8.00840619668855,8.00840619668855
"874",7.86923513733973,7.86923513733973,7.86923513733973,7.86923513733973
"875",9.09392380491248,8.96438668780853,8.8619544595557,8.78076697449681
"876",10.4168348560155,10.4168348560155,10.4168348560155,10.4168348560155
"877",3.2634712395236,3.2634712395236,3.2634712395236,3.2634712395236
"878",3.79714436158244,3.79714436158244,3.79714436158244,3.79714436158244
"879",7.42436467882603,7.42436467882603,7.42436467882603,7.42436467882603
"880",10.776627238201,10.776627238201,10.776627238201,10.776627238201
"881",8.64567412970691,8.64567412970691,8.64567412970691,8.64567412970691
"882",15.2119120957764,15.2119120957764,15.2119120957764,15.2119120957764
"883",11.0153029782312,11.0153029782312,11.0153029782312,11.0153029782312
"884",7.67939814516035,7.67939814516035,7.67939814516035,7.67939814516035
"885",5.45965374688626,5.45965374688626,5.45965374688626,5.45965374688626
"886",4.00643229318059,4.00643229318059,4.00643229318059,4.00643229318059
"887",11.685114235965,11.685114235965,11.685114235965,11.685114235965
"888",7.156932707683,7.156932707683,7.156932707683,7.156932707683
"889",3.14004946156348,3.14004946156348,3.14004946156348,3.14004946156348
"890",4.95687865506618,4.95687865506618,4.95687865506618,4.95687865506618
"891",8.0213607350653,8.0213607350653,8.0213607350653,8.0213607350653
"892",13.8321594082235,13.8321594082235,13.8321594082235,13.8321594082235
"893",11.1177712287467,11.1177712287467,11.1177712287467,11.1177712287467
"894",24.3954440543837,24.3954440543837,24.3954440543837,24.3954440543837
"895",8.36463520402652,8.36463520402652,8.36463520402652,8.36463520402652
"896",27.1796366529142,27.1796366529142,27.1796366529142,27.1796366529142
"897",3.31265300201691,3.31265300201691,3.31265300201691,3.31265300201691
"898",6.60578159968043,6.60578159968043,6.60578159968043,6.60578159968043
"899",12.58607040824,12.58607040824,12.58607040824,12.58607040824
"900",9.32196911682601,9.32196911682601,9.32196911682601,9.32196911682601
"901",9.90647979109957,9.90647979109957,9.90647979109957,9.90647979109957
"902",7.90434173120005,7.90434173120005,7.90434173120005,7.90434173120005
"903",9.57454569725168,9.42367427334994,9.27495539455055,9.12835834960085
"904",6.79866277910477,6.79866277910477,6.79866277910477,6.79866277910477
"905",3.63435775327071,3.63435775327071,3.63435775327071,3.63435775327071
"906",12.4600155975213,12.4600155975213,12.4600155975213,12.4600155975213
"907",7.22275721729377,7.22275721729377,7.22275721729377,7.22275721729377
"908",17.929098068946,17.929098068946,17.929098068946,17.929098068946
"909",2.89455676755881,2.83656228647526,2.77943141068415,2.72315128009798
"910",10.0145463684119,10.0145463684119,10.0145463684119,10.0145463684119
"911",15.8990908873915,15.8990908873915,15.8990908873915,15.8990908873915
"912",5.81029544577216,5.81029544577216,5.81029544577216,5.81029544577216
"913",3.9890289705793,3.9890289705793,3.9890289705793,3.9890289705793
"914",14.5643712614657,14.5643712614657,14.5643712614657,14.5643712614657
"915",3.7551839906857,3.66748172495649,3.58139699651481,3.49689997230157
"916",14.838364131906,14.838364131906,14.838364131906,14.838364131906
"917",9.52635292672938,9.52635292672938,9.52635292672938,9.52635292672938
"918",4.6897050954371,4.6897050954371,4.6897050954371,4.6897050954371
"919",23.9002459437136,23.9002459437136,23.9002459437136,23.9002459437136
"920",11.2122830759929,11.2122830759929,11.2122830759929,11.2122830759929
"921",8.13515994334469,8.13515994334469,8.13515994334469,8.13515994334469
"922",9.07661163558032,9.07661163558032,9.07661163558032,9.07661163558032
"923",14.7764235691864,14.7764235691864,14.7764235691864,14.7764235691864
"924",14.5744733884306,14.5744733884306,14.5744733884306,14.5744733884306
"925",13.004683631645,13.0038317938107,13.0031503608394,13.0026052383291
"926",4.05424753812588,4.05424753812588,4.05424753812588,4.05424753812588
"927",9.99711701239687,9.99711701239687,9.99711701239687,9.99711701239687
"928",10.7116378811885,10.7116378811885,10.7116378811885,10.7116378811885
"929",5.0603711972253,4.95428525545356,4.85005633310776,4.74765192332514
"930",3.80781334091949,3.80781334091949,3.80781334091949,3.80781334091949
"931",12.4637590819319,12.4637590819319,12.4637590819319,12.4637590819319
"932",4.9486046155981,4.9486046155981,4.9486046155981,4.9486046155981
"933",11.0149713825858,11.0149713825858,11.0149713825858,11.0149713825858
"934",9.09601105097753,9.09601105097753,9.09601105097753,9.09601105097753
"935",10.1179206089567,10.1179206089567,10.1179206089567,10.1179206089567
"936",7.74368071390272,7.74368071390272,7.74368071390272,7.74368071390272
"937",6.8397645715916,6.8397645715916,6.8397645715916,6.8397645715916
"938",9.24437196951659,9.24437196951659,9.24437196951659,9.24437196951659
"939",3.91284688033037,3.91284688033037,3.91284688033037,3.91284688033037
"940",14.8939437375738,14.778613651778,14.6641204274252,14.5504579920574
"941",7.02985835826036,7.02985835826036,7.02985835826036,7.02985835826036
"942",3.95774406518664,3.95774406518664,3.95774406518664,3.95774406518664
"943",14.6554269063346,14.6554269063346,14.6554269063346,14.6554269063346
"944",4.60623392523098,4.60623392523098,4.60623392523098,4.60623392523098
"945",23.6835490365242,23.6835490365242,23.6835490365242,23.6835490365242
"946",47.6176291154911,47.6176291154911,47.6176291154911,47.6176291154911
"947",51.7523287271277,51.5218912283861,51.2924603475913,51.0640316875434
"948",18.0086828916256,18.0086828916256,18.0086828916256,18.0086828916256
"949",187.543606821756,187.543606821756,187.543606821756,187.543606821756
"950",6.63693525088433,6.63693525088433,6.63693525088433,6.63693525088433
"951",72.6809828373721,72.6809828373721,72.6809828373721,72.6809828373721
"952",24.7919695790973,24.7919695790973,24.7919695790973,24.7919695790973
"953",114.650130750893,114.457838201523,114.276329283836,114.104984129883
"954",438.161585356799,438.161585356799,438.161585356799,438.161585356799
"955",13.4152244972836,13.4152244972836,13.4152244972836,13.4152244972836
"956",14.3214097222785,14.3214097222785,14.3214097222785,14.3214097222785
"957",4.54584296519039,4.54584296519039,4.54584296519039,4.54584296519039
"958",87.9847000470689,87.9847000470689,87.9847000470689,87.9847000470689
"959",24.4569338646712,24.4569338646712,24.4569338646712,24.4569338646712
"960",5.09850389293262,5.09850389293262,5.09850389293262,5.09850389293262
"961",10.5450417284129,10.5450417284129,10.5450417284129,10.5450417284129
"962",8.49965357697065,8.49965357697065,8.49965357697065,8.49965357697065
"963",19.080102284134,19.080102284134,19.080102284134,19.080102284134
"964",4.72979326235539,4.72979326235539,4.72979326235539,4.72979326235539
"965",16.0720774830799,16.0720774830799,16.0720774830799,16.0720774830799
"966",5.35298301623585,5.35298301623585,5.35298301623585,5.35298301623585
"967",6.09245332687869,6.09245332687869,6.09245332687869,6.09245332687869
"968",4.7791022275089,4.7791022275089,4.7791022275089,4.7791022275089
"969",7.32679129318501,7.32679129318501,7.32679129318501,7.32679129318501
"970",8.83822428105356,8.83822428105356,8.83822428105356,8.83822428105356
"971",7.13074054693975,7.20147956470524,7.27283402562816,7.3448092841832
"972",44.0675290894217,44.0675290894217,44.0675290894217,44.0675290894217
"973",46.3464501725596,46.3464501725596,46.3464501725596,46.3464501725596
"974",11.4977339953936,11.4977339953936,11.4977339953936,11.4977339953936
"975",13.0703656628152,13.0703656628152,13.0703656628152,13.0703656628152
"976",13.9955432388555,13.9955432388555,13.9955432388555,13.9955432388555
"977",37.1174101726445,37.1174101726445,37.1174101726445,37.1174101726445
"978",10.0536376851639,10.0536376851639,10.0536376851639,10.0536376851639
"979",29.7587515090272,29.7655231666267,29.7714497588556,29.776636611414
"980",28.6192302504174,28.6192302504174,28.6192302504174,28.6192302504174
"981",9.0799180709878,9.0799180709878,9.0799180709878,9.0799180709878
"982",28.7854869945826,28.7795657039968,28.7746427172948,28.7705495992452
"983",13.5133498881432,13.5133498881432,13.5133498881432,13.5133498881432
"984",10.1352923981675,10.1352923981675,10.1352923981675,10.1352923981675
"985",31.4932522527632,31.4933934712154,31.493507001355,31.4935982718831
"986",22.5293221774849,22.5293221774849,22.5293221774849,22.5293221774849
"987",13.245444282141,13.2448351415076,13.2443248661567,13.2438974072423
"988",13.8906253022864,13.8916629993474,13.8925403056948,13.8932820046013
"989",17.4099556063105,17.4143537264832,17.4181588979804,17.4214509623451
"990",12.5598491343777,12.5598491343777,12.5598491343777,12.5598491343777
"991",16.3465658955618,16.3465658955618,16.3465658955618,16.3465658955618
"992",11.8843109172256,11.8843109172256,11.8843109172256,11.8843109172256
"993",15.6008732065302,15.6281930628737,15.6533439487271,15.6764951091115
"994",19.7830803037828,19.7830803037828,19.7830803037828,19.7830803037828
"995",15.32883431411,15.32883431411,15.32883431411,15.32883431411
"996",18.9679922842978,18.9679922842978,18.9679922842978,18.9679922842978
"997",20.9049682698367,20.9049682698367,20.9049682698367,20.9049682698367
"998",17.4635974841424,17.4676699184268,17.4712243638021,17.4743266237147
"999",24.6674469669238,24.6674469669238,24.6674469669238,24.6674469669238
"1000",17.3357936536133,17.3357936536133,17.3357936536133,17.3357936536133
"1001",36.9670392853173,36.9668608187293,36.9667132964891,36.9665913530609
"1002",39.8859801225426,40.2787043266464,40.6752007847118,41.0755057305633
"1003",30.1571314981335,30.1683834570448,30.1783643356259,30.1872173802151
"1004",30.1843471733969,30.1843471733969,30.1843471733969,30.1843471733969
"1005",18.1289468563903,18.1289468563903,18.1289468563903,18.1289468563903
"1006",24.601768488738,24.601768488738,24.601768488738,24.601768488738
"1007",12.3824815884629,12.3824815884629,12.3824815884629,12.3824815884629
"1008",11.5675843691487,11.5675843691487,11.5675843691487,11.5675843691487
"1009",16.250273362891,16.250273362891,16.250273362891,16.250273362891
"1010",8.73570062799337,8.73570062799337,8.73570062799337,8.73570062799337
"1011",11.1888425314727,11.1888425314727,11.1888425314727,11.1888425314727
"1012",9.85794352335917,9.85794352335917,9.85794352335917,9.85794352335917
"1013",19.1358027362275,19.1358027362275,19.1358027362275,19.1358027362275
"1014",2.52549363511442,2.52549363511442,2.52549363511442,2.52549363511442
"1015",11.9182738356334,11.9182738356334,11.9182738356334,11.9182738356334
"1016",9.12189361728588,9.12189361728588,9.12189361728588,9.12189361728588
"1017",7.08985502376221,7.08985502376221,7.08985502376221,7.08985502376221
"1018",13.9451983047839,14.3521600613467,14.7702034956448,15.199630364734
"1019",7.24416695930747,7.24416695930747,7.24416695930747,7.24416695930747
"1020",14.5733146654729,14.5733146654729,14.5733146654729,14.5733146654729
"1021",23.4600147209164,23.5207785345392,23.577801763473,23.6313064747507
"1022",14.1454510980213,14.1454510980213,14.1454510980213,14.1454510980213
"1023",7.15732696160213,7.15732696160213,7.15732696160213,7.15732696160213
"1024",7.45556320043659,7.45556320043659,7.45556320043659,7.45556320043659
"1025",10.9450154664283,10.9481988153466,10.9510018380516,10.9534698994855
"1026",8.97355034627579,8.97355034627579,8.97355034627579,8.97355034627579
"1027",14.2013537356812,14.2013537356812,14.2013537356812,14.2013537356812
"1028",11.6236855512901,11.6236855512901,11.6236855512901,11.6236855512901
"1029",6.30381833814299,6.30381833814299,6.30381833814299,6.30381833814299
"1030",27.8177963979605,27.3960224086005,26.9804214553618,26.57090319039
"1031",83.7307126837931,83.2041264671079,82.6808128895263,82.1607516121818
"1032",72.2311376042783,72.2311376042783,72.2311376042783,72.2311376042783
"1033",21.5773734478217,21.5773734478217,21.5773734478217,21.5773734478217
"1034",361.661725947806,361.661725947806,361.661725947806,361.661725947806
"1035",7.94523714603202,7.94523714603202,7.94523714603202,7.94523714603202
"1036",5.82987757157433,5.82987757157433,5.82987757157433,5.82987757157433
"1037",76.901300934689,76.901300934689,76.901300934689,76.901300934689
"1038",10.0965169013736,10.0245011291314,9.95509545437498,9.88819238874574
"1039",109.236001677418,109.236001677418,109.236001677418,109.236001677418
"1040",266.605105407085,266.605105407085,266.605105407085,266.605105407085
"1041",46.0591521889404,46.0591521889404,46.0591521889404,46.0591521889404
"1042",22.0718731348898,22.0718731348898,22.0718731348898,22.0718731348898
"1043",21.7031677875128,21.7031677875128,21.7031677875128,21.7031677875128
"1044",35.010452904777,35.2751425352778,35.5417777286596,35.810372785501
"1045",12.3918012499499,12.3918012499499,12.3918012499499,12.3918012499499
"1046",7.49915320754185,7.49915320754185,7.49915320754185,7.49915320754185
"1047",8.6211548696679,8.6211548696679,8.6211548696679,8.6211548696679
"1048",11.4091621060406,11.4091621060406,11.4091621060406,11.4091621060406
"1049",11.6379699555285,11.6379699555285,11.6379699555285,11.6379699555285
"1050",39.186314899221,39.186314899221,39.186314899221,39.186314899221
"1051",7.46741915555769,7.46741915555769,7.46741915555769,7.46741915555769
"1052",19.9683648273648,19.9683648273648,19.9683648273648,19.9683648273648
"1053",4.7658290285398,4.7658290285398,4.7658290285398,4.7658290285398
"1054",13.150175217061,13.150175217061,13.150175217061,13.150175217061
"1055",11.3602075715168,11.3602075715168,11.3602075715168,11.3602075715168
"1056",2.63851697857441,2.63851697857441,2.63851697857441,2.63851697857441
"1057",11.2754731556122,11.2754731556122,11.2754731556122,11.2754731556122
"1058",3.94235642271916,3.94235642271916,3.94235642271916,3.94235642271916
"1059",5.06371239279929,5.06371239279929,5.06371239279929,5.06371239279929
"1060",4.03404055886371,4.03404055886371,4.03404055886371,4.03404055886371
"1061",13.9687605904668,13.9687605904668,13.9687605904668,13.9687605904668
"1062",12.9475603910037,12.9475603910037,12.9475603910037,12.9475603910037
"1063",10.5467371030747,10.5467371030747,10.5467371030747,10.5467371030747
"1064",10.3308423630808,10.3308423630808,10.3308423630808,10.3308423630808
"1065",10.4539254611938,10.4539254611938,10.4539254611938,10.4539254611938
"1066",29.3198333935911,29.3198333935911,29.3198333935911,29.3198333935911
"1067",28.5935283176964,28.5935283176964,28.5935283176964,28.5935283176964
"1068",5.89333033774496,5.57858247250249,5.27820592182365,4.99154449481694
"1069",10.5522758510225,10.5522758510225,10.5522758510225,10.5522758510225
"1070",5.99550702259188,5.99550702259188,5.99550702259188,5.99550702259188
"1071",7.74526565755502,7.74526565755502,7.74526565755502,7.74526565755502
"1072",19.7570636845904,19.7570636845904,19.7570636845904,19.7570636845904
"1073",5.22337512569828,5.22337512569828,5.22337512569828,5.22337512569828
"1074",6.20867623791906,6.20867623791906,6.20867623791906,6.20867623791906
"1075",13.0624154920125,13.0624154920125,13.0624154920125,13.0624154920125
"1076",10.5159775541142,10.5159775541142,10.5159775541142,10.5159775541142
"1077",7.45784169896869,7.45784169896869,7.45784169896869,7.45784169896869
"1078",15.8354007614761,15.8354007614761,15.8354007614761,15.8354007614761
"1079",24.9399533286136,24.9399533286136,24.9399533286136,24.9399533286136
"1080",7.50358835581462,7.50358835581462,7.50358835581462,7.50358835581462
"1081",7.15568224424142,7.15568224424142,7.15568224424142,7.15568224424142
"1082",7.13444644631211,7.13444644631211,7.13444644631211,7.13444644631211
"1083",5.66073342366532,5.66073342366532,5.66073342366532,5.66073342366532
"1084",11.6559250953477,11.9275906982598,12.2050877357964,12.4885413825449
"1085",21.2868901533904,21.2868901533904,21.2868901533904,21.2868901533904
"1086",39.3493664618766,39.3493664618766,39.3493664618766,39.3493664618766
"1087",7.88431248377165,7.88431248377165,7.88431248377165,7.88431248377165
"1088",14.2550853810713,14.2550853810713,14.2550853810713,14.2550853810713
"1089",7.8623690305875,7.8623690305875,7.8623690305875,7.8623690305875
"1090",7.20699924798336,7.20827451863219,7.20939242788594,7.21037237563053
"1091",10.6311348716183,10.6311348716183,10.6311348716183,10.6311348716183
"1092",10.0424917366237,10.0424917366237,10.0424917366237,10.0424917366237
"1093",5.27497658648687,5.2749094491111,5.27485332694424,5.27480641264869
"1094",6.15402917685794,6.15402917685794,6.15402917685794,6.15402917685794
"1095",10.1068979171475,10.1068979171475,10.1068979171475,10.1068979171475
"1096",14.6102971785752,14.6102971785752,14.6102971785752,14.6102971785752
"1097",15.9132175824713,15.9132175824713,15.9132175824713,15.9132175824713
"1098",15.0908718580387,15.0908718580387,15.0908718580387,15.0908718580387
"1099",38.3047618059487,38.3047618059487,38.3047618059487,38.3047618059487
"1100",8.46702310233928,8.46702310233928,8.46702310233928,8.46702310233928
"1101",5.43490496793526,5.43505612140525,5.43518289025229,5.43528920792127
"1102",10.4028623536816,10.4028623536816,10.4028623536816,10.4028623536816
"1103",27.8178767632376,28.1771498397096,28.5409019811918,28.909189028282
"1104",19.1861801548567,19.1861801548567,19.1861801548567,19.1861801548567
"1105",28.1037766410291,28.1037766410291,28.1037766410291,28.1037766410291
"1106",29.6341335691654,29.6341335691654,29.6341335691654,29.6341335691654
"1107",30.2425156545381,30.6663923621352,31.0960199338827,31.5314763935027
"1108",28.6905972956433,28.6905972956433,28.6905972956433,28.6905972956433
"1109",20.4131276152363,20.4131276152363,20.4131276152363,20.4131276152363
"1110",61.8654750028623,62.3960651696044,62.9311335642614,63.4707179834728
"1111",25.8129606757637,25.8129606757637,25.8129606757637,25.8129606757637
"1112",55.8340483425974,57.0801378013813,58.3535478362032,59.6548774521103
"1113",44.8427698817355,44.8427698817355,44.8427698817355,44.8427698817355
"1114",24.8508703898542,24.8508703898542,24.8508703898542,24.8508703898542
"1115",55.3134878605827,56.069843329961,56.8363575307161,57.613166906395
"1116",44.1123164246086,45.1285720811217,46.1677211654445,47.230279403156
"1117",21.9583405903567,21.9583405903567,21.9583405903567,21.9583405903567
"1118",36.1697731269019,36.1697731269019,36.1697731269019,36.1697731269019
"1119",40.0119458496081,40.0119458496081,40.0119458496081,40.0119458496081
"1120",29.7844940491954,29.7844940491954,29.7844940491954,29.7844940491954
"1121",27.9329597708357,27.9458897749873,27.9575195275681,27.9679793349772
"1122",40.8640051167356,40.8647624396105,40.8654116347071,40.8659681387777
"1123",47.8623355890651,47.8623355890651,47.8623355890651,47.8623355890651
"1124",21.1929110195181,21.1929110195181,21.1929110195181,21.1929110195181
"1125",24.3881919476829,24.3881919476829,24.3881919476829,24.3881919476829
"1126",31.5291439526559,31.5291439526559,31.5291439526559,31.5291439526559
"1127",24.907317559602,24.907317559602,24.907317559602,24.907317559602
"1128",29.4182989317648,29.4396989454324,29.4592669036182,29.4771586104179
"1129",38.2529084342067,38.2529084342067,38.2529084342067,38.2529084342067
"1130",31.2637980905803,31.2637980905803,31.2637980905803,31.2637980905803
"1131",46.29080372316,46.29080372316,46.29080372316,46.29080372316
"1132",30.1239812812907,30.1239812812907,30.1239812812907,30.1239812812907
"1133",44.6428071781194,44.6433801194226,44.6438417363332,44.6442136587302
"1134",57.1212172665769,57.8949007130542,58.6788830848381,59.4733014765799
"1135",52.8252407149905,52.8257499922956,52.8261758141616,52.8265318559518
"1136",43.6638955301976,43.6638955301976,43.6638955301976,43.6638955301976
"1137",37.0238779910781,37.3382918318167,37.6553055142461,37.9749405360739
"1138",33.6741104283494,33.6741104283494,33.6741104283494,33.6741104283494
"1139",32.334078586534,32.334078586534,32.334078586534,32.334078586534
"1140",33.0926680107434,33.085453291704,33.0796726989906,33.0750409846905
"1141",36.6784103321255,36.6784103321255,36.6784103321255,36.6784103321255
"1142",4.17677632597804,4.17677632597804,4.17677632597804,4.17677632597804
"1143",14.0680402956341,14.0680402956341,14.0680402956341,14.0680402956341
"1144",14.8911504800542,14.8911504800542,14.8911504800542,14.8911504800542
"1145",12.398934035601,12.398934035601,12.398934035601,12.398934035601
"1146",12.7725579137199,12.7725579137199,12.7725579137199,12.7725579137199
"1147",6.02272253503142,6.02272253503142,6.02272253503142,6.02272253503142
"1148",6.09112081091286,6.09112081091286,6.09112081091286,6.09112081091286
"1149",11.8503304379375,11.8503304379375,11.8503304379375,11.8503304379375
"1150",9.01861367926385,9.01861367926385,9.01861367926385,9.01861367926385
"1151",49.1527596504159,49.1527596504159,49.1527596504159,49.1527596504159
"1152",7.88794846946647,7.88404173097777,7.88054641119204,7.87741904688698
"1153",33.9587525497376,33.9587525497376,33.9587525497376,33.9587525497376
"1154",6.55139651038483,6.55139651038483,6.55139651038483,6.55139651038483
"1155",4.09776289888134,4.01947660324465,3.94239254949447,3.86649227481375
"1156",17.8341311792931,17.8341311792931,17.8341311792931,17.8341311792931
"1157",7.03562025552851,7.03562025552851,7.03562025552851,7.03562025552851
"1158",12.88570128508,12.88570128508,12.88570128508,12.88570128508
"1159",4.54037683286728,4.54037683286728,4.54037683286728,4.54037683286728
"1160",12.7909066230706,12.7909066230706,12.7909066230706,12.7909066230706
"1161",26.4879454373702,26.4879454373702,26.4879454373702,26.4879454373702
"1162",3.7179662517533,3.7179662517533,3.7179662517533,3.7179662517533
"1163",9.12902148249885,9.26406616722182,9.40091132861505,9.53958097144591
"1164",31.9239356116095,31.9239356116095,31.9239356116095,31.9239356116095
"1165",5.6824026479365,5.6824026479365,5.6824026479365,5.6824026479365
"1166",7.82753742249288,7.82753742249288,7.82753742249288,7.82753742249288
"1167",6.15313970975963,6.15313970975963,6.15313970975963,6.15313970975963
"1168",10.3233722364041,10.3233722364041,10.3233722364041,10.3233722364041
"1169",4.45187060592326,4.45187060592326,4.45187060592326,4.45187060592326
"1170",2.89232349161375,2.84610432028071,2.80043397583818,2.7553059412728
"1171",28.8285237905228,29.350203961938,29.8810079573534,30.4210953461161
"1172",32.6133113993724,33.1265984848778,33.647723644681,34.176806568933
"1173",23.7615377876362,23.7615377876362,23.7615377876362,23.7615377876362
"1174",17.2499865303126,17.2499865303126,17.2499865303126,17.2499865303126
"1175",11.0984963830042,11.0984963830042,11.0984963830042,11.0984963830042
"1176",19.7576065095875,20.1356540858231,20.5205868474885,20.9125301909131
"1177",19.778235087845,19.778235087845,19.778235087845,19.778235087845
"1178",3.10855194749607,3.10855194749607,3.10855194749607,3.10855194749607
"1179",8.47994540477836,8.47994540477836,8.47994540477836,8.47994540477836
"1180",17.50936030686,17.50936030686,17.50936030686,17.50936030686
"1181",21.0020982098882,21.0020982098882,21.0020982098882,21.0020982098882
"1182",20.2441964468494,20.2777111647324,20.3087530577778,20.3375012997208
"1183",27.6753361617298,27.8858531211958,28.0905581236485,28.2895621667709
"1184",20.455599956966,20.455599956966,20.455599956966,20.455599956966
"1185",23.2239016524853,23.5976956271513,23.9772575386882,24.3626763909269
"1186",22.7149644343198,23.0312942709938,23.3518435770179,23.676668635169
"1187",16.1236956560751,16.1801984369874,16.2332060026178,16.2829242871782
"1188",19.0238050986508,19.034793311309,19.0446232758627,19.0534165974894
"1189",4.16164446388805,4.16164446388805,4.16164446388805,4.16164446388805
"1190",4.02035086373921,4.02035086373921,4.02035086373921,4.02035086373921
"1191",20.2183768254432,20.2183768254432,20.2183768254432,20.2183768254432
"1192",14.3384459813997,14.3384459813997,14.3384459813997,14.3384459813997
"1193",22.6265411340987,22.6265411340987,22.6265411340987,22.6265411340987
"1194",15.0420441410808,15.0420441410808,15.0420441410808,15.0420441410808
"1195",4.54255503221239,4.46604923489383,4.39059947346292,4.31619117109236
"1196",42.5410704367684,42.5410704367684,42.5410704367684,42.5410704367684
"1197",25.8092303984279,26.3239768684824,26.8486066482961,27.3833095008251
"1198",14.1636359391127,14.1636359391127,14.1636359391127,14.1636359391127
"1199",49.1904444599075,49.1904444599075,49.1904444599075,49.1904444599075
"1200",48.7718085409722,49.8321106984686,50.9150007565889,52.0209599114251
"1201",42.03786154894,43.078956746527,44.1452362625589,45.2373093111567
"1202",38.6069807646684,38.6069807646684,38.6069807646684,38.6069807646684
"1203",37.5332531562073,37.5332531562073,37.5332531562073,37.5332531562073
"1204",4.98372654204055,4.98372654204055,4.98372654204055,4.98372654204055
"1205",18.146908049712,18.146908049712,18.146908049712,18.146908049712
"1206",35.5590299532319,35.5590299532319,35.5590299532319,35.5590299532319
"1207",47.3687498576403,47.3687498576403,47.3687498576403,47.3687498576403
"1208",48.9630506215082,49.9802917793062,51.0182438336617,52.0773284557123
"1209",20.7155768044746,20.7155768044746,20.7155768044746,20.7155768044746
"1210",6.36659432602017,6.36659432602017,6.36659432602017,6.36659432602017
"1211",59.3969183378251,61.0977136211667,62.8464038083452,64.6443376341766
"1212",9.67637838215891,9.75760994005167,9.83945955078608,9.92193191683647
"1213",17.0041942964921,17.0041942964921,17.0041942964921,17.0041942964921
"1214",80.8880668471855,80.8898089239275,80.8912295852195,80.8923881285064
"1215",215.173758741993,215.173758741993,215.173758741993,215.173758741993
"1216",201.532379372119,202.589113823202,203.651361899828,204.719152369931
"1217",463.452113289829,463.452113289829,463.452113289829,463.452113289829
"1218",201.311761452919,201.315541927434,201.318566357942,201.320985934927
"1219",15.5250749491241,15.5250749491241,15.5250749491241,15.5250749491241
"1220",129.031838359274,129.031838359274,129.031838359274,129.031838359274
"1221",370.757336340796,370.757336340796,370.757336340796,370.757336340796
"1222",16.0944020874263,16.0944020874263,16.0944020874263,16.0944020874263
"1223",12.2454721409688,12.2454721409688,12.2454721409688,12.2454721409688
"1224",3.01636577110907,3.01636577110907,3.01636577110907,3.01636577110907
"1225",4.52685951422258,4.52685951422258,4.52685951422258,4.52685951422258
"1226",7.74137701266637,7.74137701266637,7.74137701266637,7.74137701266637
"1227",4.08648108240902,4.08648108240902,4.08648108240902,4.08648108240902
"1228",4.06792186450492,4.06792186450492,4.06792186450492,4.06792186450492
"1229",7.8488679764502,7.8488679764502,7.8488679764502,7.8488679764502
"1230",12.9196327498151,12.9196327498151,12.9196327498151,12.9196327498151
"1231",2.40769849012748,2.34979790012153,2.29288110558126,2.2369313907268
"1232",12.6987327406778,12.6987327406778,12.6987327406778,12.6987327406778
"1233",6.37255993930846,6.37255993930846,6.37255993930846,6.37255993930846
"1234",9.94489136533538,9.94489136533538,9.94489136533538,9.94489136533538
"1235",5.9809980366353,5.9809980366353,5.9809980366353,5.9809980366353
"1236",18.6082707855631,18.6082707855631,18.6082707855631,18.6082707855631
"1237",5.57047886619931,5.57047886619931,5.57047886619931,5.57047886619931
"1238",6.65663131206207,6.65663131206207,6.65663131206207,6.65663131206207
"1239",5.79633987511769,5.79633987511769,5.79633987511769,5.79633987511769
"1240",7.0778411081435,7.0778411081435,7.0778411081435,7.0778411081435
"1241",3.08597428098524,3.08597428098524,3.08597428098524,3.08597428098524
"1242",26.5795273735786,26.5795273735786,26.5795273735786,26.5795273735786
"1243",33.4939647186304,33.4939647186304,33.4939647186304,33.4939647186304
"1244",47.7766597168342,48.5045447720282,49.243291921032,49.993063256859
"1245",2.76622285990504,2.76622285990504,2.76622285990504,2.76622285990504
"1246",6.08652300112581,6.08652300112581,6.08652300112581,6.08652300112581
"1247",5.02658619720978,5.02658619720978,5.02658619720978,5.02658619720978
"1248",5.85256391099842,5.85256391099842,5.85256391099842,5.85256391099842
"1249",8.39753358309363,8.39753358309363,8.39753358309363,8.39753358309363
"1250",10.4728650617366,10.4728650617366,10.4728650617366,10.4728650617366
"1251",8.99325560362926,8.99325560362926,8.99325560362926,8.99325560362926
"1252",7.75145823086424,7.75145823086424,7.75145823086424,7.75145823086424
"1253",4.76445767428376,4.76445767428376,4.76445767428376,4.76445767428376
"1254",7.19268518523337,7.19268518523337,7.19268518523337,7.19268518523337
"1255",8.10037817380227,8.10037817380227,8.10037817380227,8.10037817380227
"1256",4.36609494340452,4.36609494340452,4.36609494340452,4.36609494340452
"1257",3.57450748314209,3.57450748314209,3.57450748314209,3.57450748314209
"1258",4.04621801184971,4.04621801184971,4.04621801184971,4.04621801184971
"1259",23.2901375798862,23.2901375798862,23.2901375798862,23.2901375798862
"1260",32.5500373472403,32.5524674476144,32.5544514558733,32.5560712413229
"1261",24.4350424787354,24.4350424787354,24.4350424787354,24.4350424787354
"1262",75.6578642003466,75.6578642003466,75.6578642003466,75.6578642003466
"1263",43.6944419273006,43.6944419273006,43.6944419273006,43.6944419273006
"1264",45.0713374661525,45.0713374661525,45.0713374661525,45.0713374661525
"1265",50.0403694399414,50.0403694399414,50.0403694399414,50.0403694399414
"1266",31.0483600477663,31.0483600477663,31.0483600477663,31.0483600477663
"1267",53.4846595820043,53.4846595820043,53.4846595820043,53.4846595820043
"1268",26.2288663289519,26.2288663289519,26.2288663289519,26.2288663289519
"1269",102.802378396921,145.283423935887,205.14980551391,118
"1270",33.1206576362411,33.1206576362411,33.1206576362411,33.1206576362411
"1271",19.0242382216831,19.0242382216831,19.0242382216831,19.0242382216831
"1272",36.8830916872975,36.8830916872975,36.8830916872975,36.8830916872975
"1273",32.3984139619699,32.3984139619699,32.3984139619699,32.3984139619699
"1274",37.0986100929543,37.0986100929543,37.0986100929543,37.0986100929543
"1275",49.5189619958807,49.5189619958807,49.5189619958807,49.5189619958807
"1276",26.7650053793854,26.7650053793854,26.7650053793854,26.7650053793854
"1277",35.1030513117179,35.1030513117179,35.1030513117179,35.1030513117179
"1278",21.0245208428886,21.0245208428886,21.0245208428886,21.0245208428886
"1279",39.5927986585619,39.5927986585619,39.5927986585619,39.5927986585619
"1280",29.7894034774835,29.7894034774835,29.7894034774835,29.7894034774835
"1281",29.8550106392115,29.8550106392115,29.8550106392115,29.8550106392115
"1282",28.9029950746588,28.9029950746588,28.9029950746588,28.9029950746588
"1283",35.5040904629476,35.5040904629476,35.5040904629476,35.5040904629476
"1284",35.9270695132422,35.9270695132422,35.9270695132422,35.9270695132422
"1285",35.833020033644,35.833020033644,35.833020033644,35.833020033644
"1286",44.1215277578681,44.1215277578681,44.1215277578681,44.1215277578681
"1287",32.6735037265111,32.6735037265111,32.6735037265111,32.6735037265111
"1288",34.1947039407789,34.1947039407789,34.1947039407789,34.1947039407789
"1289",26.8638135650745,26.8638135650745,26.8638135650745,26.8638135650745
"1290",21.7517420456259,21.7517420456259,21.7517420456259,21.7517420456259
"1291",27.0426968254073,27.0426968254073,27.0426968254073,27.0426968254073
"1292",43.5000583264285,43.5000583264285,43.5000583264285,43.5000583264285
"1293",24.8962911383052,24.8962911383052,24.8962911383052,24.8962911383052
"1294",5.8019779374873,5.8019779374873,5.8019779374873,5.8019779374873
"1295",13.96907090408,13.96907090408,13.96907090408,13.96907090408
"1296",8.52416571684031,8.52416571684031,8.52416571684031,8.52416571684031
"1297",5.31291919523764,5.31291919523764,5.31291919523764,5.31291919523764
"1298",29.4097288931044,29.4097288931044,29.4097288931044,29.4097288931044
"1299",22.7540762963135,22.7540762963135,22.7540762963135,22.7540762963135
"1300",13.813082218124,13.813082218124,13.813082218124,13.813082218124
"1301",23.0478895617625,23.0478895617625,23.0478895617625,23.0478895617625
"1302",18.9361265069923,18.9361265069923,18.9361265069923,18.9361265069923
"1303",19.9979337472033,19.9979337472033,19.9979337472033,19.9979337472033
"1304",8.82168239553912,8.82168239553912,8.82168239553912,8.82168239553912
"1305",12.7698939745525,12.7822918624291,12.7935490548849,12.8037696902689
"1306",10.3107549033575,10.3107549033575,10.3107549033575,10.3107549033575
"1307",9.06108678136581,9.06108678136581,9.06108678136581,9.06108678136581
"1308",10.6189334766876,10.6189334766876,10.6189334766876,10.6189334766876
"1309",22.4897329467329,22.4897329467329,22.4897329467329,22.4897329467329
"1310",17.2964594888195,17.2964594888195,17.2964594888195,17.2964594888195
"1311",5.3902157027858,5.3902157027858,5.3902157027858,5.3902157027858
"1312",8.051414191557,8.051414191557,8.051414191557,8.051414191557
"1313",16.0917758837585,16.0917758837585,16.0917758837585,16.0917758837585
"1314",20.0260486702436,20.0260486702436,20.0260486702436,20.0260486702436
"1315",24.1163171414741,24.1163171414741,24.1163171414741,24.1163171414741
"1316",26.4567926653419,26.4567926653419,26.4567926653419,26.4567926653419
"1317",4.38257949103544,4.38257949103544,4.38257949103544,4.38257949103544
"1318",3.88444662313297,3.88444662313297,3.88444662313297,3.88444662313297
"1319",3.75178834392118,3.75178834392118,3.75178834392118,3.75178834392118
"1320",9.6342730135891,9.6342730135891,9.6342730135891,9.6342730135891
"1321",65.7173254660117,65.1751560148489,64.6373924314532,64.1039989121275
"1322",4.95426249798539,4.95426249798539,4.95426249798539,4.95426249798539
"1323",27.7777514121605,27.7777514121605,27.7777514121605,27.7777514121605
"1324",25.1073103077922,25.1073103077922,25.1073103077922,25.1073103077922
"1325",8.6327152841903,8.6327152841903,8.6327152841903,8.6327152841903
"1326",16.722032791531,16.722032791531,16.722032791531,16.722032791531
"1327",21.6658105312076,21.6898254342232,21.7114865915277,21.7310227528623
"1328",17.6472834075216,17.6472834075216,17.6472834075216,17.6472834075216
"1329",3.30965893291178,3.30965893291178,3.30965893291178,3.30965893291178
"1330",5.37849312998417,5.37849312998417,5.37849312998417,5.37849312998417
"1331",5.48619642331403,5.48619642331403,5.48619642331403,5.48619642331403
"1332",2.53964629132056,2.53964629132056,2.53964629132056,2.53964629132056
"1333",9.3025245440003,9.3025245440003,9.3025245440003,9.3025245440003
"1334",43.2776367599945,43.2776367599945,43.2776367599945,43.2776367599945
"1335",4.85143826638082,4.07673243363127,3.4045943970327,2.82144461146934
"1336",16.0691742653418,16.0691742653418,16.0691742653418,16.0691742653418
"1337",31.832426578536,31.832426578536,31.832426578536,31.832426578536
"1338",9.51234408517423,9.24516862669341,8.98478354008741,8.73101624532041
"1339",5.29308781769774,5.29308781769774,5.29308781769774,5.29308781769774
"1340",26.9359587450278,26.9359587450278,26.9359587450278,26.9359587450278
"1341",11.638353358779,11.638353358779,11.638353358779,11.638353358779
"1342",13.4808426278209,13.4808426278209,13.4808426278209,13.4808426278209
"1343",13.8054750492946,13.8054750492946,13.8054750492946,13.8054750492946
"1344",25.5743151724314,25.5743151724314,25.5743151724314,25.5743151724314
"1345",41.2481520524871,41.2481520524871,41.2481520524871,41.2481520524871
"1346",16.8431380877965,16.8431380877965,16.8431380877965,16.8431380877965
"1347",4.04162211182228,3.24971128601451,2.58218954414085,2.01951851938307
"1348",5.06269335628104,4.56202559570381,4.10270384947212,3.68131369181929
"1349",13.4519660719261,13.4519660719261,13.4519660719261,13.4519660719261
"1350",7.02297111443466,7.02297111443466,7.02297111443466,7.02297111443466
"1351",11.3837103846165,11.3837103846165,11.3837103846165,11.3837103846165
"1352",7.53754156752855,7.53754156752855,7.53754156752855,7.53754156752855
"1353",19.4371876081988,19.4371876081988,19.4371876081988,19.4371876081988
"1354",3.98684438227006,3.98684438227006,3.98684438227006,3.98684438227006
"1355",166.875292471145,165.059575294389,163.263496676813,161.486844210332
"1356",164.769342416917,164.41809067462,164.067583206172,163.717818434517
"1357",5.89634893650098,5.89634893650098,5.89634893650098,5.89634893650098
"1358",362.385738505223,360.13133420563,357.890915977056,355.664397051488
"1359",17.8715199350776,17.8715199350776,17.8715199350776,17.8715199350776
"1360",23.5275874151184,23.5275874151184,23.5275874151184,23.5275874151184
"1361",15.8100137593929,15.8100137593929,15.8100137593929,15.8100137593929
"1362",12.2666187004138,12.2666187004138,12.2666187004138,12.2666187004138
"1363",7.56104940939204,7.31358899585638,7.07328152039396,6.83992022458895
"1364",63.0928018643771,63.0928018643771,63.0928018643771,63.0928018643771
"1365",94.8852588961573,94.8852588961573,94.8852588961573,94.8852588961573
"1366",14.0171425332624,14.0171425332624,14.0171425332624,14.0171425332624
"1367",4.01402052034037,4.01402052034037,4.01402052034037,4.01402052034037
"1368",12.0467192452156,12.0467192452156,12.0467192452156,12.0467192452156
"1369",7.47704575467301,7.47704575467301,7.47704575467301,7.47704575467301
"1370",3.07172546768531,3.00153218210405,2.93254897254087,2.86475497825452
"1371",4.96183981594988,4.96183981594988,4.96183981594988,4.96183981594988
"1372",5.78372249073082,5.78372249073082,5.78372249073082,5.78372249073082
"1373",7.78727095025943,7.78727095025943,7.78727095025943,7.78727095025943
"1374",15.6491701429796,15.6491701429796,15.6491701429796,15.6491701429796
"1375",16.1006856203982,16.1006856203982,16.1006856203982,16.1006856203982
"1376",16.6096314669755,16.6096314669755,16.6096314669755,16.6096314669755
"1377",17.9470947511184,17.9470947511184,17.9470947511184,17.9470947511184
"1378",4.44435060126979,4.39341659765306,4.34295910132149,4.29297365436528
"1379",3.48328734877349,3.43515721337625,3.38754377694411,3.34044149247791
"1380",8.32964642544415,8.32964642544415,8.32964642544415,8.32964642544415
"1381",14.7607824058124,14.7607824058124,14.7607824058124,14.7607824058124
"1382",24.9254821856478,24.9254821856478,24.9254821856478,24.9254821856478
"1383",10.4748738230023,10.4748738230023,10.4748738230023,10.4748738230023
"1384",7.25542650691968,7.25542650691968,7.25542650691968,7.25542650691968
"1385",8.91661537522566,8.91661537522566,8.91661537522566,8.91661537522566
"1386",5.38920449414439,5.38920449414439,5.38920449414439,5.38920449414439
"1387",4.39716704420334,4.39716704420334,4.39716704420334,4.39716704420334
"1388",5.2881929537258,5.2881929537258,5.2881929537258,5.2881929537258
"1389",12.9226888876204,12.9226888876204,12.9226888876204,12.9226888876204
"1390",10.9119985993858,10.9119985993858,10.9119985993858,10.9119985993858
"1391",6.10189455354755,6.10189455354755,6.10189455354755,6.10189455354755
"1392",4.41196010294454,4.41196010294454,4.41196010294454,4.41196010294454
"1393",4.44146725672398,4.44146725672398,4.44146725672398,4.44146725672398
"1394",4.07121688992732,4.00739319019789,3.94437274237733,3.88214543715465
"1395",10.0633696342429,10.0633696342429,10.0633696342429,10.0633696342429
"1396",17.0744558588807,17.0744558588807,17.0744558588807,17.0744558588807
"1397",9.4018148062705,9.4018148062705,9.4018148062705,9.4018148062705
"1398",4.80950908684038,4.80950908684038,4.80950908684038,4.80950908684038
"1399",9.47804021835316,9.47804021835316,9.47804021835316,9.47804021835316
"1400",6.48195711471996,6.48195711471996,6.48195711471996,6.48195711471996
"1401",8.13070911943459,8.13070911943459,8.13070911943459,8.13070911943459
"1402",19.5960640526406,19.5960640526406,19.5960640526406,19.5960640526406
"1403",5.00087078769015,5.00087078769015,5.00087078769015,5.00087078769015
"1404",19.5385978272892,19.5385978272892,19.5385978272892,19.5385978272892
"1405",7.58539221317745,7.58539221317745,7.58539221317745,7.58539221317745
"1406",7.24015100480602,7.24015100480602,7.24015100480602,7.24015100480602
"1407",3.70653197030383,3.70653197030383,3.70653197030383,3.70653197030383
"1408",3.76339028117161,3.76339028117161,3.76339028117161,3.76339028117161
"1409",7.42239702858028,7.42239702858028,7.42239702858028,7.42239702858028
"1410",10.7724354380954,10.7724354380954,10.7724354380954,10.7724354380954
"1411",7.00091441689687,7.00091441689687,7.00091441689687,7.00091441689687
"1412",16.6574666230854,16.6574666230854,16.6574666230854,16.6574666230854
"1413",8.03834364361876,8.03834364361876,8.03834364361876,8.03834364361876
"1414",12.8243465067018,12.8243465067018,12.8243465067018,12.8243465067018
"1415",11.6332778751128,11.6332778751128,11.6332778751128,11.6332778751128
"1416",9.98966861004075,9.98966861004075,9.98966861004075,9.98966861004075
"1417",12.4240871924011,12.4240871924011,12.4240871924011,12.4240871924011
"1418",5.08927410269205,5.08865567830935,5.08812906135719,5.08768061642
"1419",4.78987918187446,4.78999757244242,4.79009587239824,4.79017749081427
"1420",13.6723926428668,13.6723926428668,13.6723926428668,13.6723926428668
"1421",13.4581253208269,13.4581253208269,13.4581253208269,13.4581253208269
"1422",20.3540034351779,20.3540034351779,20.3540034351779,20.3540034351779
"1423",22.2473264960618,22.2473264960618,22.2473264960618,22.2473264960618
"1424",5.85136609518212,5.85136609518212,5.85136609518212,5.85136609518212
"1425",6.18149910454256,6.18149910454256,6.18149910454256,6.18149910454256
"1426",6.48944417977544,6.48944417977544,6.48944417977544,6.48944417977544
"1427",6.40702623577806,6.40780181171046,6.40847801903714,6.4090675816899
"1428",5.92976477539698,5.92976477539698,5.92976477539698,5.92976477539698
"1429",8.84795551625382,8.84795551625382,8.84795551625382,8.84795551625382
"1430",7.19364333794366,7.19364333794366,7.19364333794366,7.19364333794366
"1431",6.66180562942025,6.66180562942025,6.66180562942025,6.66180562942025
"1432",8.21793721303308,8.21697899581729,8.21621249255131,8.21559933486526
"1433",10.3152032809273,10.3152032809273,10.3152032809273,10.3152032809273
"1434",18.9259326173983,18.9259326173983,18.9259326173983,18.9259326173983
"1435",3.84878824367187,3.84878824367187,3.84878824367187,3.84878824367187
"1436",5.51237837845681,5.51237837845681,5.51237837845681,5.51237837845681
"1437",8.37573431183898,8.31754299445535,8.25971284658721,8.2022416266043
"1438",6.27313590380929,6.27313590380929,6.27313590380929,6.27313590380929
"1439",6.908740157174,6.908740157174,6.908740157174,6.908740157174
"1440",6.53768366451442,6.53768366451442,6.53768366451442,6.53768366451442
"1441",13.2746771093106,13.2746771093106,13.2746771093106,13.2746771093106
"1442",26.7983007817158,26.7983007817158,26.7983007817158,26.7983007817158
"1443",13.5942593934208,13.5942593934208,13.5942593934208,13.5942593934208
"1444",6.66371316952334,6.56981757430008,6.47707238523207,6.38546350757591
"1445",6.35711875538394,6.35711875538394,6.35711875538394,6.35711875538394
"1446",4.10451117363321,4.10451117363321,4.10451117363321,4.10451117363321
"1447",11.4014839386285,11.6561122124868,11.9159685347118,12.1811602480162
"1448",3.62753985057473,3.62753985057473,3.62753985057473,3.62753985057473
"1449",6.99057109702014,7.12040736681072,7.252353305203,7.3864431915368
"1450",12.7651882880908,12.7651882880908,12.7651882880908,12.7651882880908
"1451",31.974452712419,31.974452712419,31.974452712419,31.974452712419
"1452",25.9918230202648,25.9918230202648,25.9918230202648,25.9918230202648
"1453",36.420203248961,36.7861121297275,37.1555990057318,37.5286988639628
"1454",37.6610601273888,37.6610601273888,37.6610601273888,37.6610601273888
"1455",41.6734985634546,41.6723738628705,41.6714391594099,41.6706623534469
"1456",21.5160113692141,21.5160113692141,21.5160113692141,21.5160113692141
"1457",29.8640963092905,29.8640963092905,29.8640963092905,29.8640963092905
"1458",37.1663212537258,37.1663212537258,37.1663212537258,37.1663212537258
"1459",22.8112754861274,23.0200403739991,23.230635603905,23.4430772233326
"1460",40.5727192358424,40.5727192358424,40.5727192358424,40.5727192358424
"1461",16.3621928792584,16.3621928792584,16.3621928792584,16.3621928792584
"1462",12.6713515514542,12.3226568687638,11.9828558189581,11.6517215654669
"1463",26.871876339705,26.871876339705,26.871876339705,26.871876339705
"1464",41.0269673065565,41.3150809052989,41.6051696512171,41.8972470848255
"1465",23.6551896872868,23.6551896872868,23.6551896872868,23.6551896872868
"1466",16.7891677222923,16.7891677222923,16.7891677222923,16.7891677222923
"1467",5.83462136581475,5.83462136581475,5.83462136581475,5.83462136581475
"1468",31.7527207563872,31.7527207563872,31.7527207563872,31.7527207563872
"1469",6.45913781616236,6.45913781616236,6.45913781616236,6.45913781616236
"1470",16.2699324043423,16.2699324043423,16.2699324043423,16.2699324043423
"1471",83.2552268533127,83.2552268533127,83.2552268533127,83.2552268533127
"1472",45.9148295892556,45.9148295892556,45.9148295892556,45.9148295892556
"1473",37.9893150639809,37.9893150639809,37.9893150639809,37.9893150639809
"1474",52.8426712830732,52.8426712830732,52.8426712830732,52.8426712830732
"1475",43.2862790026443,43.2862790026443,43.2862790026443,43.2862790026443
"1476",35.7182465736333,35.7182465736333,35.7182465736333,35.7182465736333
"1477",34.6624774039925,34.6624774039925,34.6624774039925,34.6624774039925
"1478",9.74116953484283,9.74116953484283,9.74116953484283,9.74116953484283
"1479",23.6787673411312,23.6787673411312,23.6787673411312,23.6787673411312
"1480",17.9651581610286,17.9651581610286,17.9651581610286,17.9651581610286
"1481",29.5090202662687,29.5090202662687,29.5090202662687,29.5090202662687
"1482",21.2796261958899,21.2796261958899,21.2796261958899,21.2796261958899
"1483",6.26051492748082,6.26051492748082,6.26051492748082,6.26051492748082
"1484",9.35885109066224,9.36529826390504,9.37110606861335,9.37633760283853
"1485",7.43941588379714,7.43941588379714,7.43941588379714,7.43941588379714
"1486",6.86144821501412,6.72244654566258,6.58590262500493,6.45177299652248
"1487",7.5920762254798,7.5920762254798,7.5920762254798,7.5920762254798
"1488",6.83305969610087,6.83709064629299,6.84072319162163,6.84399655012266
"1489",9.99308431770066,9.99308431770066,9.99308431770066,9.99308431770066
"1490",20.7240449917554,20.7240449917554,20.7240449917554,20.7240449917554
"1491",13.0426071716927,13.0426071716927,13.0426071716927,13.0426071716927
"1492",3.38063283356583,3.38063283356583,3.38063283356583,3.38063283356583
"1493",9.3482825874708,9.3482825874708,9.3482825874708,9.3482825874708
"1494",5.191924213965,5.191924213965,5.191924213965,5.191924213965
"1495",3.7396416153872,3.7396416153872,3.7396416153872,3.7396416153872
"1496",7.36167127980019,7.36167127980019,7.36167127980019,7.36167127980019
"1497",8.92878482361177,8.92878482361177,8.92878482361177,8.92878482361177
"1498",6.52536571814536,6.52536571814536,6.52536571814536,6.52536571814536
"1499",4.93000459506615,4.93000459506615,4.93000459506615,4.93000459506615
"1500",6.7260750323522,6.7260750323522,6.7260750323522,6.7260750323522
"1501",8.56537198305305,8.56537198305305,8.56537198305305,8.56537198305305
"1502",7.54638981698232,7.42847492348689,7.31218690665001,7.19750332038717
"1503",8.78573808782656,8.78573808782656,8.78573808782656,8.78573808782656
"1504",3.36841535879905,3.36841535879905,3.36841535879905,3.36841535879905
"1505",3.49836132501875,3.49836132501875,3.49836132501875,3.49836132501875
"1506",11.9006140900491,11.9006140900491,11.9006140900491,11.9006140900491
"1507",8.55713797255918,8.55713797255918,8.55713797255918,8.55713797255918
"1508",12.2361515975204,12.2361515975204,12.2361515975204,12.2361515975204
"1509",14.6297829191102,14.6297829191102,14.6297829191102,14.6297829191102
"1510",17.3109975583077,18.9973738353695,20.8390592341097,22.8503571597676
"1511",10.4525397579103,10.4525397579103,10.4525397579103,10.4525397579103
"1512",5.39817397345013,5.39817397345013,5.39817397345013,5.39817397345013
"1513",3.2089602059149,3.15410466830205,3.09996406498639,3.04652907820221
"1514",11.3161869387372,11.3161869387372,11.3161869387372,11.3161869387372
"1515",6.26583011690678,6.19063449488231,6.11621708835156,6.04256984339677
"1516",4.84851539653151,4.84851539653151,4.84851539653151,4.84851539653151
"1517",13.0011577938744,13.0011577938744,13.0011577938744,13.0011577938744
"1518",4.86449465866317,4.86449465866317,4.86449465866317,4.86449465866317
"1519",33.6919857940487,33.6919857940487,33.6919857940487,33.6919857940487
"1520",19.1239460806886,19.1225369094994,19.1213862444339,19.120446652745
"1521",19.9105368696263,19.9105368696263,19.9105368696263,19.9105368696263
"1522",17.0466198696698,17.0470751285104,17.0474582109511,17.0477805585979
"1523",34.8547010334653,34.8547010334653,34.8547010334653,34.8547010334653
"1524",5.04104397758034,5.04104397758034,5.04104397758034,5.04104397758034
"1525",13.2229273951439,13.2229273951439,13.2229273951439,13.2229273951439
"1526",6.73367307812128,6.81164204662525,6.89039707887773,6.96994609977793
"1527",7.86082907579926,7.86082907579926,7.86082907579926,7.86082907579926
"1528",5.57291106854774,5.57291106854774,5.57291106854774,5.57291106854774
"1529",9.03364146900752,9.16436910036675,9.29679997313176,9.43095627871884
"1530",9.03612896372367,9.24147313330882,9.45101874631255,9.66485176634822
"1531",5.60730886907065,5.60730886907065,5.60730886907065,5.60730886907065
"1532",7.02042530717445,7.02042530717445,7.02042530717445,7.02042530717445
"1533",12.9121810693448,12.9121810693448,12.9121810693448,12.9121810693448
"1534",8.57357568159592,8.70189087326732,8.83192588091566,8.96370375533451
"1535",8.00341903153439,8.00341903153439,8.00341903153439,8.00341903153439
"1536",14.7856609260031,14.585931436193,14.3887290416553,14.1940217680908
"1537",17.388382010948,17.388382010948,17.388382010948,17.388382010948
"1538",5.01561441559238,5.01561441559238,5.01561441559238,5.01561441559238
"1539",12.3266511593995,12.3266511593995,12.3266511593995,12.3266511593995
"1540",8.13628899942944,8.13628899942944,8.13628899942944,8.13628899942944
"1541",13.1548804829932,13.1548804829932,13.1548804829932,13.1548804829932
"1542",17.1132510926033,17.1132510926033,17.1132510926033,17.1132510926033
"1543",35.4078629307007,35.4078629307007,35.4078629307007,35.4078629307007
"1544",35.5701852816618,35.5701852816618,35.5701852816618,35.5701852816618
"1545",52.1259576099652,52.1259576099652,52.1259576099652,52.1259576099652
"1546",35.9074957733571,35.9074957733571,35.9074957733571,35.9074957733571
"1547",3.62343299218599,3.62343231373803,3.62343176322838,3.62343131653105
"1548",6.29440226730485,6.29440226730485,6.29440226730485,6.29440226730485
"1549",7.69537274281931,7.69537274281931,7.69537274281931,7.69537274281931
"1550",19.5847815430776,19.5847815430776,19.5847815430776,19.5847815430776
"1551",34.2956537566458,34.2956537566458,34.2956537566458,34.2956537566458
"1552",14.2073173543116,14.2073173543116,14.2073173543116,14.2073173543116
"1553",48.3601651627678,48.3601651627678,48.3601651627678,48.3601651627678
"1554",31.2649748726634,31.2649748726634,31.2649748726634,31.2649748726634
"1555",21.5541500275997,21.5541500275997,21.5541500275997,21.5541500275997
"1556",50.0136108515642,50.0136108515642,50.0136108515642,50.0136108515642
"1557",29.1888279289258,29.1888279289258,29.1888279289258,29.1888279289258
"1558",22.4563804395225,22.4563804395225,22.4563804395225,22.4563804395225
"1559",6.60826113806976,6.60826113806976,6.60826113806976,6.60826113806976
"1560",6.54892783048292,6.46526676185473,6.38253286786129,6.30071587308039
"1561",26.5657504731675,26.5657504731675,26.5657504731675,26.5657504731675
"1562",26.9210692705598,26.9210692705598,26.9210692705598,26.9210692705598
"1563",10.6959207390329,10.6959207390329,10.6959207390329,10.6959207390329
"1564",38.7162025560947,38.7162025560947,38.7162025560947,38.7162025560947
"1565",48.3031540068739,48.3031540068739,48.3031540068739,48.3031540068739
"1566",25.0341996684618,25.0341996684618,25.0341996684618,25.0341996684618
"1567",20.6645721525481,20.6645721525481,20.6645721525481,20.6645721525481
"1568",16.485611996475,16.485611996475,16.485611996475,16.485611996475
"1569",51.6388956204072,51.6388956204072,51.6388956204072,51.6388956204072
"1570",51.1169749123081,51.5618539388945,52.0105305256544,52.463037089183
"1571",39.3828305735964,39.3828305735964,39.3828305735964,39.3828305735964
"1572",9.91656712863729,9.91656712863729,9.91656712863729,9.91656712863729
"1573",49.0201267258788,49.0201267258788,49.0201267258788,49.0201267258788
"1574",10.6844457844251,10.6844457844251,10.6844457844251,10.6844457844251
"1575",29.0792435278374,29.0975979309694,29.1143660981902,29.1296843389596
"1576",18.5130130751154,18.878603681773,19.2510438964928,19.6304620517039
"1577",31.589022129419,31.589022129419,31.589022129419,31.589022129419
"1578",4.97728236195734,5.24646836573359,5.52777712032553,5.82175457197581
"1579",7.65301883845917,7.65301883845917,7.65301883845917,7.65301883845917
"1580",4.61205576706604,4.61319018621702,4.61412147288954,4.61488597538024
"1581",5.620527083722,5.620527083722,5.620527083722,5.620527083722
"1582",4.74828933196236,4.74828933196236,4.74828933196236,4.74828933196236
"1583",5.38923780206561,5.38923780206561,5.38923780206561,5.38923780206561
"1584",18.7344346546168,18.7344346546168,18.7344346546168,18.7344346546168
"1585",34.8425666253836,34.8425666253836,34.8425666253836,34.8425666253836
"1586",80.901345426352,80.901345426352,80.901345426352,80.901345426352
"1587",26.1846628511676,26.1846628511676,26.1846628511676,26.1846628511676
"1588",230.55947702881,230.55947702881,230.55947702881,230.55947702881
"1589",303.210734236194,301.879409079825,300.553910235524,299.234212205453
"1590",199.515422652738,199.515422652738,199.515422652738,199.515422652738
"1591",125.816064006776,125.816064006776,125.816064006776,125.816064006776
"1592",541.702815808593,539.050629561011,536.411404535827,533.785077391605
"1593",40.1818342163231,40.1818342163231,40.1818342163231,40.1818342163231
"1594",457.358248698443,457.358248698443,457.358248698443,457.358248698443
"1595",7.06381164849702,7.06381164849702,7.06381164849702,7.06381164849702
"1596",15.9017283979279,15.9017283979279,15.9017283979279,15.9017283979279
"1597",347.18776093084,347.18776093084,347.18776093084,347.18776093084
"1598",260.489241552449,260.489241552449,260.489241552449,260.489241552449
"1599",161.461739212235,161.404466304568,161.35302970116,161.306833091859
"1600",17.4844159857915,17.4844159857915,17.4844159857915,17.4844159857915
"1601",23.3061679335806,23.3061679335806,23.3061679335806,23.3061679335806
"1602",18.2688701699442,18.2688701699442,18.2688701699442,18.2688701699442
"1603",5.30751758189505,5.30751758189505,5.30751758189505,5.30751758189505
"1604",9.49575743651784,9.49575743651784,9.49575743651784,9.49575743651784
"1605",5.28178531219667,5.28178531219667,5.28178531219667,5.28178531219667
"1606",3.41472013014465,3.41472013014465,3.41472013014465,3.41472013014465
"1607",4.81703731261177,4.81703731261177,4.81703731261177,4.81703731261177
"1608",7.95295064644533,7.95295064644533,7.95295064644533,7.95295064644533
"1609",14.345750140202,14.345750140202,14.345750140202,14.345750140202
"1610",6.12020253860262,6.12020253860262,6.12020253860262,6.12020253860262
"1611",10.4044808658193,10.4044808658193,10.4044808658193,10.4044808658193
"1612",18.8397146110053,18.8397146110053,18.8397146110053,18.8397146110053
"1613",6.01996167893703,6.01996167893703,6.01996167893703,6.01996167893703
"1614",10.0775185356097,10.0775185356097,10.0775185356097,10.0775185356097
"1615",17.137847386571,17.137847386571,17.137847386571,17.137847386571
"1616",6.33089486891238,6.33089486891238,6.33089486891238,6.33089486891238
"1617",3.06224996671484,3.06224996671484,3.06224996671484,3.06224996671484
"1618",16.2563439934845,16.2563439934845,16.2563439934845,16.2563439934845
"1619",13.1866576257609,13.1866576257609,13.1866576257609,13.1866576257609
"1620",4.97381145340385,4.97381145340385,4.97381145340385,4.97381145340385
"1621",4.2605321943766,4.2605321943766,4.2605321943766,4.2605321943766
"1622",10.6919592286097,10.6919592286097,10.6919592286097,10.6919592286097
"1623",5.6728095343497,5.6728095343497,5.6728095343497,5.6728095343497
"1624",10.456892912204,10.456892912204,10.456892912204,10.456892912204
"1625",10.3040281821507,10.3040281821507,10.3040281821507,10.3040281821507
"1626",6.88204983077972,6.88204983077972,6.88204983077972,6.88204983077972
"1627",3.44803976006959,3.44803976006959,3.44803976006959,3.44803976006959
"1628",8.91526131222965,8.91526131222965,8.91526131222965,8.91526131222965
"1629",9.70201468773114,9.70201468773114,9.70201468773114,9.70201468773114
"1630",41.9823719497019,41.9823719497019,41.9823719497019,41.9823719497019
"1631",11.4707490420992,11.4707490420992,11.4707490420992,11.4707490420992
"1632",9.81700888063033,9.81700888063033,9.81700888063033,9.81700888063033
"1633",7.12177147061743,7.12177147061743,7.12177147061743,7.12177147061743
"1634",24.4564648846196,24.4564648846196,24.4564648846196,24.4564648846196
"1635",10.8631192583775,10.8631192583775,10.8631192583775,10.8631192583775
"1636",5.64949781372231,5.64949781372231,5.64949781372231,5.64949781372231
"1637",6.85936187325832,6.85936187325832,6.85936187325832,6.85936187325832
"1638",3.0338819656201,2.98162805065012,2.93005102004437,2.87914210560927
"1639",4.13435874208774,4.13435874208774,4.13435874208774,4.13435874208774
"1640",8.68505378277175,8.68505378277175,8.68505378277175,8.68505378277175
"1641",75.1543515675497,75.1543515675497,75.1543515675497,75.1543515675497
"1642",11.1937486621741,11.1937486621741,11.1937486621741,11.1937486621741
"1643",10.6415614871001,10.6415614871001,10.6415614871001,10.6415614871001
"1644",8.3771085283987,8.3771085283987,8.3771085283987,8.3771085283987
"1645",4.04011065316535,4.04011065316535,4.04011065316535,4.04011065316535
"1646",12.085013655452,12.085013655452,12.085013655452,12.085013655452
"1647",14.7804142888818,14.7804142888818,14.7804142888818,14.7804142888818
"1648",14.6034078787181,14.6034078787181,14.6034078787181,14.6034078787181
"1649",10.6360647818482,10.6360647818482,10.6360647818482,10.6360647818482
"1650",20.6622568234021,20.6622568234021,20.6622568234021,20.6622568234021
"1651",12.2384218902741,12.2384218902741,12.2384218902741,12.2384218902741
"1652",9.75430020013551,9.75430020013551,9.75430020013551,9.75430020013551
"1653",5.42580459478916,5.42580459478916,5.42580459478916,5.42580459478916
"1654",185.709087339789,185.709087339789,185.709087339789,185.709087339789
"1655",60.2142930217104,60.2142930217104,60.2142930217104,60.2142930217104
"1656",17.6466819342099,17.6466819342099,17.6466819342099,17.6466819342099
"1657",17.2134437714909,17.2134437714909,17.2134437714909,17.2134437714909
"1658",19.2577737204084,19.2577737204084,19.2577737204084,19.2577737204084
"1659",19.3435534863915,19.3435534863915,19.3435534863915,19.3435534863915
"1660",12.2353578033735,12.2353578033735,12.2353578033735,12.2353578033735
"1661",10.5890406740516,10.5890406740516,10.5890406740516,10.5890406740516
"1662",10.5451998825788,10.5451998825788,10.5451998825788,10.5451998825788
"1663",12.1661534394474,12.1661534394474,12.1661534394474,12.1661534394474
"1664",18.7301873753221,18.7301873753221,18.7301873753221,18.7301873753221
"1665",14.6819411034654,14.6819411034654,14.6819411034654,14.6819411034654
"1666",14.4175110652457,14.4175110652457,14.4175110652457,14.4175110652457
"1667",96.3494735974104,96.3494735974104,96.3494735974104,96.3494735974104
"1668",138.402189715833,138.403182717784,138.404013690395,138.404709071447
"1669",187.429068972153,187.429068972153,187.429068972153,187.429068972153
"1670",77.7735968968692,77.7735968968692,77.7735968968692,77.7735968968692
"1671",192.218343975827,192.218343975827,192.218343975827,192.218343975827
"1672",141.25291898454,141.25291898454,141.25291898454,141.25291898454
"1673",54.2052576612612,54.5112288562514,54.8188958747216,55.1282681156524
"1674",13.0268470228047,13.0268470228047,13.0268470228047,13.0268470228047
"1675",8.11558493177291,8.11558493177291,8.11558493177291,8.11558493177291
"1676",4.11094190555227,4.11094190555227,4.11094190555227,4.11094190555227
"1677",13.0644426648765,13.0644426648765,13.0644426648765,13.0644426648765
"1678",6.36743734250745,6.36743734250745,6.36743734250745,6.36743734250745
"1679",12.7410987119123,12.7410987119123,12.7410987119123,12.7410987119123
"1680",7.93312526674916,7.93312526674916,7.93312526674916,7.93312526674916
"1681",5.73181365125397,5.73181365125397,5.73181365125397,5.73181365125397
"1682",14.6876463992992,14.6876463992992,14.6876463992992,14.6876463992992
"1683",12.497401749375,12.497401749375,12.497401749375,12.497401749375
"1684",4.41090916655832,4.41090916655832,4.41090916655832,4.41090916655832
"1685",5.65301280307586,5.65301280307586,5.65301280307586,5.65301280307586
"1686",26.9771874270067,29.0974754425939,31.3784522794134,33.8322959515271
"1687",7.54958922010897,7.54958922010897,7.54958922010897,7.54958922010897
"1688",8.59596200379362,8.59596200379362,8.59596200379362,8.59596200379362
"1689",8.72466761602641,8.72466761602641,8.72466761602641,8.72466761602641
"1690",8.29886941771828,8.29886941771828,8.29886941771828,8.29886941771828
"1691",24.7665165179962,24.7665165179962,24.7665165179962,24.7665165179962
"1692",80.4658769784612,80.4658769784612,80.4658769784612,80.4658769784612
"1693",108.9277569084,108.9277569084,108.9277569084,108.9277569084
"1694",60.6407232825122,60.6407232825122,60.6407232825122,60.6407232825122
"1695",78.5550355538416,78.5550355538416,78.5550355538416,78.5550355538416
"1696",51.8754135447756,51.8754135447756,51.8754135447756,51.8754135447756
"1697",44.4360501778157,44.4360501778157,44.4360501778157,44.4360501778157
"1698",25.791787018916,25.791787018916,25.791787018916,25.791787018916
"1699",11.6209519389244,11.6209519389244,11.6209519389244,11.6209519389244
"1700",8.04628729995346,8.04628729995346,8.04628729995346,8.04628729995346
"1701",16.9511593322254,16.9511593322254,16.9511593322254,16.9511593322254
"1702",9.46507417869424,9.46507417869424,9.46507417869424,9.46507417869424
"1703",7.21548942386638,7.21548942386638,7.21548942386638,7.21548942386638
"1704",45.6899484949586,45.6899484949586,45.6899484949586,45.6899484949586
"1705",27.6801574107376,27.6801574107376,27.6801574107376,27.6801574107376
"1706",33.4188559403823,33.4188559403823,33.4188559403823,33.4188559403823
"1707",38.2004971777009,38.2004971777009,38.2004971777009,38.2004971777009
"1708",13.4718021041417,13.6156270274278,13.7608813240848,13.9075791996358
"1709",145.373815948313,145.373815948313,145.373815948313,145.373815948313
"1710",143.281644330766,143.281644330766,143.281644330766,143.281644330766
"1711",129.787413093488,129.787413093488,129.787413093488,129.787413093488
"1712",77.6639451174202,77.6639451174202,77.6639451174202,77.6639451174202
"1713",106.492695639329,106.492695639329,106.492695639329,106.492695639329
"1714",7.89347324382211,7.89347324382211,7.89347324382211,7.89347324382211
"1715",51.9358613182177,51.9358613182177,51.9358613182177,51.9358613182177
"1716",47.1713973854676,46.6347431343994,46.1040674889108,45.5793038442473
"1717",8.55965420022629,8.55965420022629,8.55965420022629,8.55965420022629
"1718",10.9413819792092,10.8230833766163,10.7059567120286,10.5899903755144
"1719",20.8618894640545,20.5120239645187,20.1677575175243,19.8290005189539
"1720",93.1360866958448,93.1360866958448,93.1360866958448,93.1360866958448
"1721",69.0930780286097,69.0930780286097,69.0930780286097,69.0930780286097
"1722",88.250883941901,88.250883941901,88.250883941901,88.250883941901
"1723",53.1388328140866,53.1388328140866,53.1388328140866,53.1388328140866
"1724",41.9904330054084,41.1845264244688,40.3937275168369,39.6177530712843
"1725",55.3275050722635,55.3275050722635,55.3275050722635,55.3275050722635
"1726",137.150627740904,137.150627740904,137.150627740904,137.150627740904
"1727",17.5059459623703,17.5059459623703,17.5059459623703,17.5059459623703
"1728",9.05752043204681,9.05752043204681,9.05752043204681,9.05752043204681
"1729",37.1329639682743,37.1329639682743,37.1329639682743,37.1329639682743
"1730",19.8921414798425,19.4756460360454,19.0674536403044,18.6673987671426
"1731",44.5593028497684,44.5593028497684,44.5593028497684,44.5593028497684
"1732",41.5865495242266,41.5865495242266,41.5865495242266,41.5865495242266
"1733",16.3151305642924,16.3151305642924,16.3151305642924,16.3151305642924
"1734",16.6071149304865,16.6071149304865,16.6071149304865,16.6071149304865
"1735",8.24883251875707,8.16035242933945,8.07271879553746,7.98592351962972
"1736",243.630912835458,243.630912835458,243.630912835458,243.630912835458
"1737",60.6183362810653,60.6183362810653,60.6183362810653,60.6183362810653
"1738",77.0570981362332,77.0570981362332,77.0570981362332,77.0570981362332
"1739",222.341325384753,222.341325384753,222.341325384753,222.341325384753
"1740",52.3127644420126,52.3127644420126,52.3127644420126,52.3127644420126
"1741",163.704537839303,163.704537839303,163.704537839303,163.704537839303
"1742",214.414604560865,213.627520739411,212.84331277191,212.061970150541
"1743",125.528153496664,125.528153496664,125.528153496664,125.528153496664
"1744",12.1847736993329,12.322844411238,12.462360997143,12.6033385982142
"1745",9.85947044155816,9.85947044155816,9.85947044155816,9.85947044155816
"1746",6.13873081027112,6.13873081027112,6.13873081027112,6.13873081027112
"1747",11.1077717799742,11.1077717799742,11.1077717799742,11.1077717799742
"1748",5.5018087652305,5.50209721262431,5.50232797983944,5.50251259957765
"1749",71.3009594176436,71.3009594176436,71.3009594176436,71.3009594176436
"1750",124.639208485147,124.639208485147,124.639208485147,124.639208485147
"1751",11.8086316935241,11.8086316935241,11.8086316935241,11.8086316935241
"1752",8.83609706954985,8.83609706954985,8.83609706954985,8.83609706954985
"1753",4.21883534488023,4.21883534488023,4.21883534488023,4.21883534488023
"1754",6.62746639607124,6.62746639607124,6.62746639607124,6.62746639607124
"1755",34.067150209257,34.067150209257,34.067150209257,34.067150209257
"1756",4.75160211186073,4.75160211186073,4.75160211186073,4.75160211186073
"1757",3.73468337808551,3.73468337808551,3.73468337808551,3.73468337808551
"1758",14.1728808994886,14.1728808994886,14.1728808994886,14.1728808994886
"1759",39.6172520938284,39.6172520938284,39.6172520938284,39.6172520938284
"1760",6.30026625395684,6.30026625395684,6.30026625395684,6.30026625395684
"1761",7.22127109641835,7.22127109641835,7.22127109641835,7.22127109641835
"1762",25.2545234596931,25.2545234596931,25.2545234596931,25.2545234596931
"1763",4.23179664695914,4.23179664695914,4.23179664695914,4.23179664695914
"1764",5.07487900041788,5.07487900041788,5.07487900041788,5.07487900041788
"1765",3.38467307947993,3.38467307947993,3.38467307947993,3.38467307947993
"1766",2.7682231656618,2.7682231656618,2.7682231656618,2.7682231656618
"1767",14.0822145405117,14.0822145405117,14.0822145405117,14.0822145405117
"1768",20.409796091372,20.409796091372,20.409796091372,20.409796091372
"1769",13.9224177137332,13.9224177137332,13.9224177137332,13.9224177137332
"1770",13.1355379504426,13.1355379504426,13.1355379504426,13.1355379504426
"1771",17.6386091009431,17.6386091009431,17.6386091009431,17.6386091009431
"1772",5.1709476078256,5.1709476078256,5.1709476078256,5.1709476078256
"1773",6.69312138632882,6.69312138632882,6.69312138632882,6.69312138632882
"1774",15.6444319920983,15.6444319920983,15.6444319920983,15.6444319920983
"1775",7.49572382248824,7.57753557623724,7.6601351572734,7.74353015218184
"1776",21.7872580205659,21.7872580205659,21.7872580205659,21.7872580205659
"1777",11.6254830930507,11.6254830930507,11.6254830930507,11.6254830930507
"1778",15.3999614917859,15.3999614917859,15.3999614917859,15.3999614917859
"1779",3.38146267858094,3.38146267858094,3.38146267858094,3.38146267858094
"1780",8.8250835970531,8.8250835970531,8.8250835970531,8.8250835970531
"1781",4.09928515958387,4.09928515958387,4.09928515958387,4.09928515958387
"1782",9.24480048563877,9.24480048563877,9.24480048563877,9.24480048563877
"1783",3.55346396770314,3.55346396770314,3.55346396770314,3.55346396770314
"1784",4.34381726289512,4.34381726289512,4.34381726289512,4.34381726289512
"1785",4.96210727383853,4.96210727383853,4.96210727383853,4.96210727383853
"1786",5.6818104340167,5.6818104340167,5.6818104340167,5.6818104340167
"1787",6.49855094057063,6.49855094057063,6.49855094057063,6.49855094057063
"1788",9.22381346577052,9.22381346577052,9.22381346577052,9.22381346577052
"1789",7.62420223150822,7.62420223150822,7.62420223150822,7.62420223150822
"1790",5.53725772321201,5.53725772321201,5.53725772321201,5.53725772321201
"1791",5.08820810941554,5.08820810941554,5.08820810941554,5.08820810941554
"1792",20.6709611432951,20.6709611432951,20.6709611432951,20.6709611432951
"1793",18.420800465627,18.7357625210418,19.0558325583098,19.3810934175005
"1794",15.9774800505881,16.2585505358715,16.5442742804998,16.8347283214571
"1795",12.3282842710971,12.3305812906487,12.332588512977,12.3343424637953
"1796",16.3252863720543,16.3252863720543,16.3252863720543,16.3252863720543
"1797",8.47653365377063,8.47653365377063,8.47653365377063,8.47653365377063
"1798",13.7127943455522,13.7127943455522,13.7127943455522,13.7127943455522
"1799",30.034082075473,30.6629986004035,31.3046603386247,31.9593255763405
"1800",5.61546344543171,5.61546344543171,5.61546344543171,5.61546344543171
"1801",6.31768485002699,6.31768485002699,6.31768485002699,6.31768485002699
"1802",26.1674470543455,26.1674470543455,26.1674470543455,26.1674470543455
"1803",21.1380500572823,21.1380500572823,21.1380500572823,21.1380500572823
"1804",19.7495055468755,19.7495055468755,19.7495055468755,19.7495055468755
"1805",162.369495675398,162.372355486439,162.374705755544,162.376637263985
"1806",56.7977847809013,56.7977847809013,56.7977847809013,56.7977847809013
"1807",18.1773345670911,18.1773345670911,18.1773345670911,18.1773345670911
"1808",183.451120699587,183.468314861196,183.483320875369,183.496417062544
"1809",54.7858130927359,54.7858130927359,54.7858130927359,54.7858130927359
"1810",27.6687673111694,27.6687673111694,27.6687673111694,27.6687673111694
"1811",172.766898188972,174.069251336533,175.381365397931,176.703313529544
"1812",14.7197908946765,14.7197908946765,14.7197908946765,14.7197908946765
"1813",16.3334106843171,16.3334106843171,16.3334106843171,16.3334106843171
"1814",11.5525221026882,11.5525221026882,11.5525221026882,11.5525221026882
"1815",16.4498128917248,16.4498128917248,16.4498128917248,16.4498128917248
"1816",66.8855150606923,67.4371545631329,67.9932767028545,68.5539179058871
"1817",11.6003626352312,11.6003626352312,11.6003626352312,11.6003626352312
"1818",15.999037780771,15.999037780771,15.999037780771,15.999037780771
"1819",13.101104674628,13.101104674628,13.101104674628,13.101104674628
"1820",64.3654418691221,64.3654418691221,64.3654418691221,64.3654418691221
"1821",8.98802867591578,8.98802867591578,8.98802867591578,8.98802867591578
"1822",6.96899409529327,6.96899409529327,6.96899409529327,6.96899409529327
"1823",18.0230328098001,18.0230328098001,18.0230328098001,18.0230328098001
"1824",6.5693856230918,6.5693856230918,6.5693856230918,6.5693856230918
"1825",19.1919541537454,19.1919541537454,19.1919541537454,19.1919541537454
"1826",18.5462552541202,18.5511805844956,18.5555653478042,18.559468770403
"1827",14.7279293454557,14.7559024477948,14.7818002639146,14.8057736507873
"1828",10.7885142535776,10.7885142535776,10.7885142535776,10.7885142535776
"1829",9.59530515331575,9.59530515331575,9.59530515331575,9.59530515331575
"1830",17.4237266497247,17.4237266497247,17.4237266497247,17.4237266497247
"1831",18.1525101252735,18.1525101252735,18.1525101252735,18.1525101252735
"1832",44.3276730301839,44.3276730301839,44.3276730301839,44.3276730301839
"1833",70.7006942901655,70.7006942901655,70.7006942901655,70.7006942901655
"1834",38.0822992192744,38.0822992192744,38.0822992192744,38.0822992192744
"1835",27.1159115734544,27.1159115734544,27.1159115734544,27.1159115734544
"1836",39.4381660098162,39.4381660098162,39.4381660098162,39.4381660098162
"1837",74.6401705026367,76.6618082804065,78.7374784496601,80.8686251362255
"1838",113.051373576193,113.051373576193,113.051373576193,113.051373576193
"1839",29.6498240745249,29.6498240745249,29.6498240745249,29.6498240745249
"1840",31.9232050141907,31.9232050141907,31.9232050141907,31.9232050141907
"1841",28.2927415343075,28.2927415343075,28.2927415343075,28.2927415343075
"1842",37.2546716510287,37.2546716510287,37.2546716510287,37.2546716510287
"1843",31.0118302263788,31.0118302263788,31.0118302263788,31.0118302263788
"1844",7.32834948959368,7.32834948959368,7.32834948959368,7.32834948959368
"1845",5.83568812837681,5.83568812837681,5.83568812837681,5.83568812837681
"1846",37.7061506579251,37.7662110008081,37.8207840764004,37.8703644189414
"1847",37.410100410282,37.5848032879711,37.7499048415274,37.9058921307682
"1848",7.13795573871723,7.13795573871723,7.13795573871723,7.13795573871723
"1849",30.9672662371646,31.0000209955086,31.0296641886808,31.0564888946577
"1850",52.3126294807393,52.3126294807393,52.3126294807393,52.3126294807393
"1851",15.569440977826,15.569440977826,15.569440977826,15.569440977826
"1852",39.2489190561969,39.2489190561969,39.2489190561969,39.2489190561969
"1853",69.0021954800066,69.0140259125959,69.0242218669893,69.0330089695536
"1854",65.8864436957167,65.8864436957167,65.8864436957167,65.8864436957167
"1855",28.3380311635925,28.3380311635925,28.3380311635925,28.3380311635925
"1856",12.0746852996908,12.0746852996908,12.0746852996908,12.0746852996908
"1857",11.053955259634,11.053955259634,11.053955259634,11.053955259634
"1858",7.51314792755269,7.51314792755269,7.51314792755269,7.51314792755269
"1859",6.28093477171352,6.28093477171352,6.28093477171352,6.28093477171352
"1860",7.91743139876134,7.91743139876134,7.91743139876134,7.91743139876134
"1861",10.0490810724001,10.0490810724001,10.0490810724001,10.0490810724001
"1862",12.0018561874267,12.0018561874267,12.0018561874267,12.0018561874267
"1863",10.3306189310291,10.3306189310291,10.3306189310291,10.3306189310291
"1864",11.6689953029826,11.6689953029826,11.6689953029826,11.6689953029826
"1865",4.21776507109384,4.21776507109384,4.21776507109384,4.21776507109384
"1866",3.12712890898129,3.05463549772117,2.9834154401149,2.91344636958461
"1867",20.6456554939561,20.6456554939561,20.6456554939561,20.6456554939561
"1868",23.1426175439251,23.1426175439251,23.1426175439251,23.1426175439251
"1869",3.59252430895321,3.59252430895321,3.59252430895321,3.59252430895321
"1870",11.2363548312826,11.2363548312826,11.2363548312826,11.2363548312826
"1871",6.63481455982319,6.63481455982319,6.63481455982319,6.63481455982319
"1872",3.90648814760379,3.90648814760379,3.90648814760379,3.90648814760379
"1873",7.26863764377853,7.26863764377853,7.26863764377853,7.26863764377853
"1874",5.27587999397676,5.27587999397676,5.27587999397676,5.27587999397676
"1875",8.56257843911071,8.56257843911071,8.56257843911071,8.56257843911071
"1876",11.2134950183092,11.2134950183092,11.2134950183092,11.2134950183092
"1877",13.6170947581674,13.6170947581674,13.6170947581674,13.6170947581674
"1878",19.845618581016,19.845618581016,19.845618581016,19.845618581016
"1879",6.23115260304554,6.23115260304554,6.23115260304554,6.23115260304554
"1880",7.69024397852916,7.61493454308368,7.54027773730904,7.46626790553293
"1881",6.18910891292958,6.18910891292958,6.18910891292958,6.18910891292958
"1882",8.82220521252337,8.82220521252337,8.82220521252337,8.82220521252337
"1883",6.65156002495961,6.65156002495961,6.65156002495961,6.65156002495961
"1884",4.98721095340397,4.98721095340397,4.98721095340397,4.98721095340397
"1885",25.0546647631625,25.0546647631625,25.0546647631625,25.0546647631625
"1886",20.7459756340808,20.9687519483878,21.1938104912345,21.4211746428762
"1887",17.4810056702121,17.779277874116,18.0823640101842,18.390341772357
"1888",11.946309005198,11.946309005198,11.946309005198,11.946309005198
"1889",3.84471627923675,3.84471627923675,3.84471627923675,3.84471627923675
"1890",13.4690264258265,13.4690264258265,13.4690264258265,13.4690264258265
"1891",19.4594932017493,19.4594932017493,19.4594932017493,19.4594932017493
"1892",14.0146703524219,14.0149900862439,14.0152494982669,14.0154599681895
"1893",11.5443601866527,11.5443601866527,11.5443601866527,11.5443601866527
"1894",8.95159450728246,8.95159450728246,8.95159450728246,8.95159450728246
"1895",6.6635070706306,6.57486035508487,6.48723904998173,6.40063129400663
"1896",18.0149037900824,18.0149037900824,18.0149037900824,18.0149037900824
"1897",18.1212988946938,18.1212988946938,18.1212988946938,18.1212988946938
"1898",6.13771364243964,6.13771364243964,6.13771364243964,6.13771364243964
"1899",4.30934236743766,4.30934236743766,4.30934236743766,4.30934236743766
"1900",8.64262554260561,8.74173866818044,8.84187054239566,8.94303163660696
"1901",18.1885616341094,18.1885616341094,18.1885616341094,18.1885616341094
"1902",10.3231737863073,10.4469839680769,10.5721479187984,10.6986804408925
"1903",18.9515408312002,18.9515408312002,18.9515408312002,18.9515408312002
"1904",19.4549447008468,19.4549447008468,19.4549447008468,19.4549447008468
"1905",41.766253802234,41.766253802234,41.766253802234,41.766253802234
"1906",11.6534130259182,11.6534130259182,11.6534130259182,11.6534130259182
"1907",14.249700119435,14.249700119435,14.249700119435,14.249700119435
"1908",28.9421182007965,28.9421182007965,28.9421182007965,28.9421182007965
"1909",8.50314143420521,8.50314143420521,8.50314143420521,8.50314143420521
"1910",7.29728914577762,7.29728914577762,7.29728914577762,7.29728914577762
"1911",5.80406273818824,5.80406273818824,5.80406273818824,5.80406273818824
"1912",11.6914440517016,11.6914440517016,11.6914440517016,11.6914440517016
"1913",8.44668886495796,8.44668886495796,8.44668886495796,8.44668886495796
"1914",28.7688752675812,28.7688752675812,28.7688752675812,28.7688752675812
"1915",75.2880243365396,75.2897025028942,75.2911164417255,75.2923077518918
"1916",46.9808173142768,46.9808173142768,46.9808173142768,46.9808173142768
"1917",21.8751553156563,22.1648068137889,22.4581259587292,22.7551591912284
"1918",69.5315786536229,69.5315786536229,69.5315786536229,69.5315786536229
"1919",57.7778093800825,58.3480568217533,58.9238366598873,59.505202568396
"1920",49.4344216067307,49.4344216067307,49.4344216067307,49.4344216067307
"1921",40.3749076347909,40.3819941907948,40.3882394354163,40.3937431432248
"1922",50.5990083786003,50.5990083786003,50.5990083786003,50.5990083786003
"1923",40.182943208741,40.182943208741,40.182943208741,40.182943208741
"1924",11.7474181295241,11.7474181295241,11.7474181295241,11.7474181295241
"1925",74.5856369375457,75.2030871845428,75.8255813105488,76.4531605184225
"1926",94.5021188181011,94.5021188181011,94.5021188181011,94.5021188181011
"1927",32.918820344829,33.358557270951,33.8039951195176,34.2552077995293
"1928",46.5804598034448,46.5804598034448,46.5804598034448,46.5804598034448
"1929",6.30379950106713,6.30379950106713,6.30379950106713,6.30379950106713
"1930",18.2203644252567,18.2203644252567,18.2203644252567,18.2203644252567
"1931",36.6989102155231,36.6989102155231,36.6989102155231,36.6989102155231
"1932",42.6484505442145,42.6511688334109,42.6534755960596,42.6554331168199
"1933",41.4267004815856,41.9553676900418,42.4906224722221,43.0325469140341
"1934",70.8097982619635,71.5089703749451,72.2149499383778,72.9278032326249
"1935",199.757443837714,200.104814973599,200.43139718647,200.738403020048
"1936",53.8922719850074,53.8922719850074,53.8922719850074,53.8922719850074
"1937",12.6120394923632,12.6120394923632,12.6120394923632,12.6120394923632
"1938",40.5795864318274,41.1134056616406,41.654078325905,42.2016924123909
"1939",50.3513643565733,50.6958656964162,51.0281910956436,51.348683518597
"1940",5.71155917172377,5.73859089074662,5.76457408661571,5.78954524866215
"1941",6.72164153062913,6.72164153062913,6.72164153062913,6.72164153062913
"1942",19.5641024201227,19.5641024201227,19.5641024201227,19.5641024201227
"1943",16.737452643578,16.737452643578,16.737452643578,16.737452643578
"1944",33.0886329997512,33.0886329997512,33.0886329997512,33.0886329997512
"1945",25.4743872600919,24.7526727092376,24.0506327173371,23.3677309390035
"1946",234.337140995183,234.337140995183,234.337140995183,234.337140995183
"1947",304.592025640854,304.592025640854,304.592025640854,304.592025640854
"1948",35.6565095689079,35.6565095689079,35.6565095689079,35.6565095689079
"1949",32.8618638996493,32.8618638996493,32.8618638996493,32.8618638996493
"1950",1140.76566513133,1142.7120460025,1144.66174489119,1146.61476745369
"1951",7.92081076930216,7.92081076930216,7.92081076930216,7.92081076930216
"1952",55.2203633345551,54.9014371480184,54.584320162035,54.2690021133944
"1953",100.408566626913,100.408566626913,100.408566626913,100.408566626913
"1954",9.82883196933056,9.82883196933056,9.82883196933056,9.82883196933056
"1955",58.1843927945908,57.7160446804631,57.251402779167,56.7904377620619
"1956",95.265361010067,96.1210099807071,96.9088726345458,97.6337853011604
"1957",1069.67610137149,1069.67610137149,1069.67610137149,1069.67610137149
"1958",13.5802695889503,13.5802695889503,13.5802695889503,13.5802695889503
"1959",6.64808197848414,6.64808197848414,6.64808197848414,6.64808197848414
"1960",9.09795771239299,9.09795771239299,9.09795771239299,9.09795771239299
"1961",17.4639538976875,17.4639538976875,17.4639538976875,17.4639538976875
"1962",9.33795530423039,9.33795530423039,9.33795530423039,9.33795530423039
"1963",7.65840206082273,7.65840206082273,7.65840206082273,7.65840206082273
"1964",6.05152014604276,6.05152014604276,6.05152014604276,6.05152014604276
"1965",4.47513754544044,4.47513754544044,4.47513754544044,4.47513754544044
"1966",12.5690476807485,12.5690476807485,12.5690476807485,12.5690476807485
"1967",5.16740790932036,5.16740790932036,5.16740790932036,5.16740790932036
"1968",8.99852341132321,8.99852341132321,8.99852341132321,8.99852341132321
"1969",8.28706878796209,8.28686857906298,8.28670775426742,8.28657856563558
"1970",5.07064140877922,5.07064140877922,5.07064140877922,5.07064140877922
"1971",10.2149431827783,10.2149431827783,10.2149431827783,10.2149431827783
"1972",5.5533962324655,5.55374448801094,5.55402310581409,5.55424600861845
"1973",5.74265912827848,5.74265912827848,5.74265912827848,5.74265912827848
"1974",12.4778180497997,12.4778180497997,12.4778180497997,12.4778180497997
"1975",9.12655176411918,9.12655176411918,9.12655176411918,9.12655176411918
"1976",8.74595789335504,8.74595789335504,8.74595789335504,8.74595789335504
"1977",50.7682858398576,50.7682858398576,50.7682858398576,50.7682858398576
"1978",15.4667792499391,15.4667792499391,15.4667792499391,15.4667792499391
"1979",13.5280039371401,13.5280039371401,13.5280039371401,13.5280039371401
"1980",16.9279980095137,16.9279980095137,16.9279980095137,16.9279980095137
"1981",6.37002639532405,6.37002639532405,6.37002639532405,6.37002639532405
"1982",6.81988906370829,6.81988906370829,6.81988906370829,6.81988906370829
"1983",4.45335413900216,4.45335413900216,4.45335413900216,4.45335413900216
"1984",4.07113845861416,4.07113845861416,4.07113845861416,4.07113845861416
"1985",5.40157822547734,5.40157822547734,5.40157822547734,5.40157822547734
"1986",6.34497261786507,6.34497261786507,6.34497261786507,6.34497261786507
"1987",27.4616051464908,27.4616051464908,27.4616051464908,27.4616051464908
"1988",25.7032957760973,25.7032957760973,25.7032957760973,25.7032957760973
"1989",10.0816153788809,10.0816153788809,10.0816153788809,10.0816153788809
"1990",7.33030939599417,7.33030939599417,7.33030939599417,7.33030939599417
"1991",5.36685616994852,5.36685616994852,5.36685616994852,5.36685616994852
"1992",19.6378690596577,19.6378690596577,19.6378690596577,19.6378690596577
"1993",9.61385247777696,9.61385247777696,9.61385247777696,9.61385247777696
"1994",10.1398485257739,10.1398485257739,10.1398485257739,10.1398485257739
"1995",12.5867802561023,12.5867802561023,12.5867802561023,12.5867802561023
"1996",6.01349545112117,6.01349545112117,6.01349545112117,6.01349545112117
"1997",5.04089094554764,5.04089094554764,5.04089094554764,5.04089094554764
"1998",8.95050570826988,8.95050570826988,8.95050570826988,8.95050570826988
"1999",5.71638319795168,5.71638319795168,5.71638319795168,5.71638319795168
"2000",12.7365384238874,12.7365384238874,12.7365384238874,12.7365384238874
"2001",10.1413777334916,10.1422519522603,10.1429513775571,10.1435109501197
"2002",16.8303381641109,17.0988545889115,17.3714147435462,17.6480795246659
"2003",22.2872438308674,22.5744400690164,22.8651782325134,23.1595020031113
"2004",35.3669974283982,35.3669974283982,35.3669974283982,35.3669974283982
"2005",29.8610064482232,29.8610064482232,29.8610064482232,29.8610064482232
"2006",38.1729132162192,38.1729132162192,38.1729132162192,38.1729132162192
"2007",26.8606305492596,26.8606305492596,26.8606305492596,26.8606305492596
"2008",16.8864385611657,16.8864385611657,16.8864385611657,16.8864385611657
"2009",26.5872699627671,26.5872699627671,26.5872699627671,26.5872699627671
"2010",3.06235829229186,3.06235829229186,3.06235829229186,3.06235829229186
"2011",3.15975518421787,3.15975518421787,3.15975518421787,3.15975518421787
"2012",17.1090585812311,17.1090585812311,17.1090585812311,17.1090585812311
"2013",22.0816388164898,22.0816388164898,22.0816388164898,22.0816388164898
"2014",33.0838610200905,33.0838610200905,33.0838610200905,33.0838610200905
"2015",14.8295207933085,14.8295207933085,14.8295207933085,14.8295207933085
"2016",10.0666222320474,10.0675646785723,10.0683523266528,10.0690105937424
"2017",12.3035072523774,12.5187887729777,12.7375540465639,12.9598594483177
"2018",11.0804592790015,11.0804592790015,11.0804592790015,11.0804592790015
"2019",8.15977436479442,8.13920648579629,8.12042674785376,8.1032765560764
"2020",7.13940145934123,7.11061151514714,7.08365301487962,7.05840421363068
"2021",6.50712907483036,6.34783555748605,6.19192208388616,6.03931693299706
"2022",9.20883069477074,8.98719578176124,8.77037258873547,8.55825665268767
"2023",19.1801322948917,19.1801322948917,19.1801322948917,19.1801322948917
"2024",16.4484339928871,16.4289284090222,16.4111511757333,16.3949476287292
"2025",15.0305688159226,15.0305688159226,15.0305688159226,15.0305688159226
"2026",15.0502318296629,15.0502318296629,15.0502318296629,15.0502318296629
"2027",12.7813741256496,12.7813741256496,12.7813741256496,12.7813741256496
"2028",11.6320082604585,11.6320082604585,11.6320082604585,11.6320082604585
"2029",18.9508189481217,18.9527407607735,18.9544088279965,18.9558566357153
"2030",9.77152773834796,9.77152773834796,9.77152773834796,9.77152773834796
"2031",11.6015653934581,11.6015653934581,11.6015653934581,11.6015653934581
"2032",10.9882196145555,10.9882196145555,10.9882196145555,10.9882196145555
"2033",10.6762745159145,10.6762745159145,10.6762745159145,10.6762745159145
"2034",15.48530163197,15.4852660356019,15.4852366156576,15.4852123004405
"2035",3.92127965205518,3.92127965205518,3.92127965205518,3.92127965205518
"2036",16.1957834330128,16.1957834330128,16.1957834330128,16.1957834330128
"2037",11.4129634734478,11.4129634734478,11.4129634734478,11.4129634734478
"2038",14.8171672838486,14.8171672838486,14.8171672838486,14.8171672838486
"2039",15.585691710181,15.585691710181,15.585691710181,15.585691710181
"2040",14.0754544175869,14.0754544175869,14.0754544175869,14.0754544175869
"2041",14.3105187757935,14.3105187757935,14.3105187757935,14.3105187757935
"2042",27.9750355597497,27.9750355597497,27.9750355597497,27.9750355597497
"2043",26.8411858663464,26.8411858663464,26.8411858663464,26.8411858663464
"2044",23.9594211879581,23.9594211879581,23.9594211879581,23.9594211879581
"2045",19.8918838426791,19.8918838426791,19.8918838426791,19.8918838426791
"2046",20.6384174613788,20.6384174613788,20.6384174613788,20.6384174613788
"2047",20.4617035558156,20.4617035558156,20.4617035558156,20.4617035558156
"2048",19.5685449432269,19.5685449432269,19.5685449432269,19.5685449432269
"2049",25.9002957384756,25.9002957384756,25.9002957384756,25.9002957384756
"2050",18.2658990251598,18.2658990251598,18.2658990251598,18.2658990251598
"2051",15.5989363145214,15.5989363145214,15.5989363145214,15.5989363145214
"2052",18.6836436736196,18.6836436736196,18.6836436736196,18.6836436736196
"2053",13.7184678178971,13.7181641663937,13.7179212496957,13.7177269192193
"2054",18.5105846591375,18.5105846591375,18.5105846591375,18.5105846591375
"2055",16.2929243415238,16.2929243415238,16.2929243415238,16.2929243415238
"2056",9.03568915914962,9.03568915914962,9.03568915914962,9.03568915914962
"2057",10.507582201096,10.507582201096,10.507582201096,10.507582201096
"2058",7.91104413904725,7.91104413904725,7.91104413904725,7.91104413904725
"2059",14.058041333068,14.058041333068,14.058041333068,14.058041333068
"2060",11.3232600304953,11.3232600304953,11.3232600304953,11.3232600304953
"2061",3.44250091492085,3.36807879241514,3.294903411874,3.22295388749797
"2062",7.21449096379821,7.21449096379821,7.21449096379821,7.21449096379821
"2063",5.12258140494172,5.12258140494172,5.12258140494172,5.12258140494172
"2064",5.71619155842673,5.71619155842673,5.71619155842673,5.71619155842673
"2065",9.28478483763919,9.28478483763919,9.28478483763919,9.28478483763919
"2066",13.1989004819644,13.1989004819644,13.1989004819644,13.1989004819644
"2067",5.95650274819887,5.95650274819887,5.95650274819887,5.95650274819887
"2068",8.50543426621388,8.50543426621388,8.50543426621388,8.50543426621388
"2069",6.53444013373737,6.53444013373737,6.53444013373737,6.53444013373737
"2070",11.4018226474001,11.392832823342,11.3847109384291,11.3773727099368
"2071",12.0324093428821,12.0324093428821,12.0324093428821,12.0324093428821
"2072",15.570815215242,15.570815215242,15.570815215242,15.570815215242
"2073",7.87253152703067,7.87253152703067,7.87253152703067,7.87253152703067
"2074",21.8012080758962,21.8012080758962,21.8012080758962,21.8012080758962
"2075",14.0797767259397,13.717736253115,13.3643877726418,13.0195226041743
"2076",21.2692035981579,21.2692035981579,21.2692035981579,21.2692035981579
"2077",14.4347557522161,14.4347557522161,14.4347557522161,14.4347557522161
"2078",7.14387242122381,7.14387242122381,7.14387242122381,7.14387242122381
"2079",30.7550144253199,30.7550144253199,30.7550144253199,30.7550144253199
"2080",24.2133044435519,24.2133044435519,24.2133044435519,24.2133044435519
"2081",6.68180627501832,6.68180627501832,6.68180627501832,6.68180627501832
"2082",34.1246149792327,34.1246149792327,34.1246149792327,34.1246149792327
"2083",9.40292771072145,9.40292771072145,9.40292771072145,9.40292771072145
"2084",17.8020836023985,17.8020836023985,17.8020836023985,17.8020836023985
"2085",21.0549295330588,21.0549295330588,21.0549295330588,21.0549295330588
"2086",11.033095504416,11.033095504416,11.033095504416,11.033095504416
"2087",7.26227869978016,7.26227869978016,7.26227869978016,7.26227869978016
"2088",8.16175213526517,8.16175213526517,8.16175213526517,8.16175213526517
"2089",10.1925304332012,10.1925304332012,10.1925304332012,10.1925304332012
"2090",15.4375379954146,15.4375379954146,15.4375379954146,15.4375379954146
"2091",16.9818689747884,16.9818689747884,16.9818689747884,16.9818689747884
"2092",17.7595114317818,17.7595114317818,17.7595114317818,17.7595114317818
"2093",13.9956436024119,13.9956436024119,13.9956436024119,13.9956436024119
"2094",14.4893316520392,14.4893316520392,14.4893316520392,14.4893316520392
"2095",16.5959450956535,16.5959450956535,16.5959450956535,16.5959450956535
"2096",5.43181442269833,5.43181442269833,5.43181442269833,5.43181442269833
"2097",14.4723902213155,14.4723902213155,14.4723902213155,14.4723902213155
"2098",29.1452378340155,29.1452378340155,29.1452378340155,29.1452378340155
"2099",23.3794802154944,23.3794802154944,23.3794802154944,23.3794802154944
"2100",24.8771856041585,24.8771856041585,24.8771856041585,24.8771856041585
"2101",15.0196376959674,15.0196376959674,15.0196376959674,15.0196376959674
"2102",7.02183000486071,7.02183000486071,7.02183000486071,7.02183000486071
"2103",18.2527710133661,18.2527710133661,18.2527710133661,18.2527710133661
"2104",21.0328507066941,21.0328507066941,21.0328507066941,21.0328507066941
"2105",30.5583737902826,30.5583737902826,30.5583737902826,30.5583737902826
"2106",39.571154686782,39.571154686782,39.571154686782,39.571154686782
"2107",33.1315658965171,33.1315658965171,33.1315658965171,33.1315658965171
"2108",33.6062660448384,33.6062660448384,33.6062660448384,33.6062660448384
"2109",14.5247396819103,14.5247396819103,14.5247396819103,14.5247396819103
"2110",39.9769921312103,39.9769921312103,39.9769921312103,39.9769921312103
"2111",27.8319618241709,27.8319618241709,27.8319618241709,27.8319618241709
"2112",36.0156436328702,36.0156436328702,36.0156436328702,36.0156436328702
"2113",38.6084753363893,38.6084753363893,38.6084753363893,38.6084753363893
"2114",41.3667706496662,41.3667706496662,41.3667706496662,41.3667706496662
"2115",38.3555973382533,38.3555973382533,38.3555973382533,38.3555973382533
"2116",31.3145804189888,31.3145804189888,31.3145804189888,31.3145804189888
"2117",7.04688278049492,7.04688278049492,7.04688278049492,7.04688278049492
"2118",21.26400000331,21.26400000331,21.26400000331,21.26400000331
"2119",23.9392694034273,23.9392694034273,23.9392694034273,23.9392694034273
"2120",25.7139061739243,25.7139061739243,25.7139061739243,25.7139061739243
"2121",36.0890248104255,36.0890248104255,36.0890248104255,36.0890248104255
"2122",29.9467398097959,29.9467398097959,29.9467398097959,29.9467398097959
"2123",35.6065466854112,35.6065466854112,35.6065466854112,35.6065466854112
"2124",31.5036444648483,31.5036444648483,31.5036444648483,31.5036444648483
"2125",10.6542424531784,10.6542424531784,10.6542424531784,10.6542424531784
"2126",9.42585768489546,9.42585768489546,9.42585768489546,9.42585768489546
"2127",19.2745757155473,19.2745757155473,19.2745757155473,19.2745757155473
"2128",16.8434679914143,16.8434679914143,16.8434679914143,16.8434679914143
"2129",17.7816414219505,17.7816414219505,17.7816414219505,17.7816414219505
"2130",22.4090034974209,22.4090034974209,22.4090034974209,22.4090034974209
"2131",34.4349301992274,34.4349301992274,34.4349301992274,34.4349301992274
"2132",47.4867774287323,47.4867774287323,47.4867774287323,47.4867774287323
"2133",32.5966549418685,32.5966549418685,32.5966549418685,32.5966549418685
"2134",15.3488846842668,15.3488846842668,15.3488846842668,15.3488846842668
"2135",18.3680781086414,18.3680781086414,18.3680781086414,18.3680781086414
"2136",23.7970869261355,23.7970869261355,23.7970869261355,23.7970869261355
"2137",11.5090222443225,11.5090222443225,11.5090222443225,11.5090222443225
"2138",6.69727831568141,6.69727831568141,6.69727831568141,6.69727831568141
"2139",23.1442801486597,23.1442801486597,23.1442801486597,23.1442801486597
"2140",71.8547259741914,71.8547259741914,71.8547259741914,71.8547259741914
"2141",194.143039035438,194.143039035438,194.143039035438,194.143039035438
"2142",175.018395655508,175.018395655508,175.018395655508,175.018395655508
"2143",312.981043049331,312.981043049331,312.981043049331,312.981043049331
"2144",55.9860691215829,55.9860691215829,55.9860691215829,55.9860691215829
"2145",193.296765123785,193.296765123785,193.296765123785,193.296765123785
"2146",329.851156466729,329.851156466729,329.851156466729,329.851156466729
"2147",67.0754234665228,67.0754234665228,67.0754234665228,67.0754234665228
"2148",186.478260070266,186.478260070266,186.478260070266,186.478260070266
"2149",144.581176411441,144.581176411441,144.581176411441,144.581176411441
"2150",343.478388683406,343.478388683406,343.478388683406,343.478388683406
"2151",571.685721219042,571.685721219042,571.685721219042,571.685721219042
"2152",23.7664498993738,23.7664498993738,23.7664498993738,23.7664498993738
"2153",7.09065583178291,7.09065583178291,7.09065583178291,7.09065583178291
"2154",3.43759248741897,3.43759248741897,3.43759248741897,3.43759248741897
"2155",4.98276101144172,4.98276101144172,4.98276101144172,4.98276101144172
"2156",24.9889238509193,24.9889238509193,24.9889238509193,24.9889238509193
"2157",9.22346549305874,9.08328696443222,8.94503048659184,8.8086697054357
"2158",4.14630293368736,4.10658468028719,4.06717296532316,4.02806542298597
"2159",11.374850690385,10.7221533647955,10.1038818120489,9.51822028418762
"2160",8.69660154919407,8.69660154919407,8.69660154919407,8.69660154919407
"2161",33.3327346176862,33.3327346176862,33.3327346176862,33.3327346176862
"2162",3.43858884306936,3.43858884306936,3.43858884306936,3.43858884306936
"2163",8.5484791797365,8.54857017579351,8.5486429732635,8.54870121163912
"2164",5.6484804636608,5.6484804636608,5.6484804636608,5.6484804636608
"2165",5.40755218301796,5.40755218301796,5.40755218301796,5.40755218301796
"2166",11.9920962612887,11.8251018208098,11.6602538501992,11.4975247597187
"2167",11.50546792459,11.50546792459,11.50546792459,11.50546792459
"2168",4.59668750848018,4.59272638841106,4.58912511552844,4.58585079984928
"2169",3.44814081998889,3.44814081998889,3.44814081998889,3.44814081998889
"2170",27.7692823147642,27.7692823147642,27.7692823147642,27.7692823147642
"2171",26.1547999559018,26.1547999559018,26.1547999559018,26.1547999559018
"2172",125.846574920918,125.627001011048,125.421432112789,125.228954849862
"2173",75.4064466060902,75.4064466060902,75.4064466060902,75.4064466060902
"2174",114.671505567557,114.203806378382,113.737998255901,113.274073553888
"2175",235.306654021608,235.306654021608,235.306654021608,235.306654021608
"2176",6.15752973746251,6.15752973746251,6.15752973746251,6.15752973746251
"2177",17.0720184842716,16.8783365133664,16.6867302766072,16.4971775278745
"2178",9.67446572327575,9.67446572327575,9.67446572327575,9.67446572327575
"2179",5.06867214077445,5.06867214077445,5.06867214077445,5.06867214077445
"2180",12.9505842720084,12.9505842720084,12.9505842720084,12.9505842720084
"2181",8.60662327807175,8.51422595566669,8.42271731859264,8.33208881939823
"2182",3.50816310459806,3.4467785809721,3.38622988773944,3.32650564397855
"2183",12.9991538951906,12.9991538951906,12.9991538951906,12.9991538951906
"2184",6.71146255535414,6.71146255535414,6.71146255535414,6.71146255535414
"2185",5.50870941293624,5.50870941293624,5.50870941293624,5.50870941293624
"2186",6.46735890530903,6.46735890530903,6.46735890530903,6.46735890530903
"2187",4.16293483359419,4.16293483359419,4.16293483359419,4.16293483359419
"2188",5.38224808422119,5.38224808422119,5.38224808422119,5.38224808422119
"2189",5.74285484787949,5.74285484787949,5.74285484787949,5.74285484787949
"2190",16.9186881573283,16.9186881573283,16.9186881573283,16.9186881573283
"2191",6.37877814261888,6.37877814261888,6.37877814261888,6.37877814261888
"2192",13.465720042964,13.465720042964,13.465720042964,13.465720042964
"2193",11.602662196199,11.602662196199,11.602662196199,11.602662196199
"2194",8.43390658718857,8.43390658718857,8.43390658718857,8.43390658718857
"2195",6.80501151843943,6.80501151843943,6.80501151843943,6.80501151843943
"2196",6.86731045503496,6.86731045503496,6.86731045503496,6.86731045503496
"2197",16.974533530027,16.974533530027,16.974533530027,16.974533530027
"2198",7.9028918855665,7.9028918855665,7.9028918855665,7.9028918855665
"2199",6.60481210741752,6.60481210741752,6.60481210741752,6.60481210741752
"2200",8.77259067589012,8.77259067589012,8.77259067589012,8.77259067589012
"2201",18.7837054741135,18.7837054741135,18.7837054741135,18.7837054741135
"2202",7.56787103656631,7.40490726172417,7.24504311242465,7.08821963275246
"2203",10.8366885298467,10.8366885298467,10.8366885298467,10.8366885298467
"2204",9.47245145556683,9.60534410406663,9.73992312524625,9.87620991873046
"2205",11.5528964884709,11.5528964884709,11.5528964884709,11.5528964884709
"2206",5.69115601747109,5.69115601747109,5.69115601747109,5.69115601747109
"2207",25.3297076494745,25.3297076494745,25.3297076494745,25.3297076494745
"2208",40.4787673080332,40.4787673080332,40.4787673080332,40.4787673080332
"2209",3.71750689927345,3.71750689927345,3.71750689927345,3.71750689927345
"2210",8.36325224157936,8.49339791556091,8.62535256531489,8.75914133492211
"2211",5.57129185071642,5.50284260168956,5.43510634788476,5.36807566245376
"2212",7.12345499291591,7.12345499291591,7.12345499291591,7.12345499291591
"2213",4.19241592847757,4.19241592847757,4.19241592847757,4.19241592847757
"2214",5.87691196803824,5.87691196803824,5.87691196803824,5.87691196803824
"2215",5.48463769669863,5.48463769669863,5.48463769669863,5.48463769669863
"2216",10.2639331347604,10.2639331347604,10.2639331347604,10.2639331347604
"2217",4.82201134652293,4.82201134652293,4.82201134652293,4.82201134652293
"2218",4.69336103045102,4.69336103045102,4.69336103045102,4.69336103045102
"2219",4.5493984479356,4.5493984479356,4.5493984479356,4.5493984479356
"2220",19.441524189361,19.441524189361,19.441524189361,19.441524189361
"2221",12.0851916977066,12.1848754819271,12.2853186632635,12.3865270268492
"2222",7.41936064471747,7.41936064471747,7.41936064471747,7.41936064471747
"2223",5.11580628339886,5.11580628339886,5.11580628339886,5.11580628339886
"2224",7.72703500298835,7.72703500298835,7.72703500298835,7.72703500298835
"2225",4.97063314724138,4.97063314724138,4.97063314724138,4.97063314724138
"2226",11.4900038082018,11.3434125076333,11.1985417036901,11.055371203437
"2227",18.5363336230236,18.5363336230236,18.5363336230236,18.5363336230236
"2228",5.38142731774172,5.38142731774172,5.38142731774172,5.38142731774172
"2229",5.83188285593779,5.83188285593779,5.83188285593779,5.83188285593779
"2230",15.4719909275445,15.4719909275445,15.4719909275445,15.4719909275445
"2231",15.757477009277,15.757477009277,15.757477009277,15.757477009277
"2232",24.0109789915843,24.0109789915843,24.0109789915843,24.0109789915843
"2233",23.5323306185294,23.5323831995391,23.5324274976116,23.5324648175229
"2234",11.2641493873309,11.2641493873309,11.2641493873309,11.2641493873309
"2235",9.33486650739243,9.33486650739243,9.33486650739243,9.33486650739243
"2236",68.1655977172905,68.1655977172905,68.1655977172905,68.1655977172905
"2237",16.2779953751983,16.2779953751983,16.2779953751983,16.2779953751983
"2238",22.2462268120993,22.2505701222497,22.2543966293913,22.2577677564589
"2239",20.3272674188841,20.3272674188841,20.3272674188841,20.3272674188841
"2240",16.0374095011767,16.0374095011767,16.0374095011767,16.0374095011767
"2241",29.1355694184488,29.1355694184488,29.1355694184488,29.1355694184488
"2242",16.2467677458807,16.2467677458807,16.2467677458807,16.2467677458807
"2243",31.4499126079006,31.4499126079006,31.4499126079006,31.4499126079006
"2244",17.1215382592058,17.1215382592058,17.1215382592058,17.1215382592058
"2245",24.6027009696949,24.6027009696949,24.6027009696949,24.6027009696949
"2246",14.1504520763817,14.1504520763817,14.1504520763817,14.1504520763817
"2247",12.0349479947945,12.0349479947945,12.0349479947945,12.0349479947945
"2248",19.9877876553616,19.9877876553616,19.9877876553616,19.9877876553616
"2249",19.9793239309744,19.9793239309744,19.9793239309744,19.9793239309744
"2250",17.4532306554541,17.4532306554541,17.4532306554541,17.4532306554541
"2251",18.500149655631,18.500149655631,18.500149655631,18.500149655631
"2252",18.0713628565967,18.0713628565967,18.0713628565967,18.0713628565967
"2253",21.5077237347127,21.5077237347127,21.5077237347127,21.5077237347127
"2254",10.1486938505724,10.1486938505724,10.1486938505724,10.1486938505724
"2255",6.06915077981993,6.06915077981993,6.06915077981993,6.06915077981993
"2256",5.64000758009298,5.64000758009298,5.64000758009298,5.64000758009298
"2257",11.257279740041,11.2669009010104,11.2754591055803,11.2830711634106
"2258",13.6618813641683,13.6618813641683,13.6618813641683,13.6618813641683
"2259",9.682481585511,9.682481585511,9.682481585511,9.682481585511
"2260",7.23580569517221,7.23580569517221,7.23580569517221,7.23580569517221
"2261",12.256185313816,12.256185313816,12.256185313816,12.256185313816
"2262",12.1674787580214,12.1674787580214,12.1674787580214,12.1674787580214
"2263",8.3240753376677,8.3240753376677,8.3240753376677,8.3240753376677
"2264",3.54679759701794,3.54679759701794,3.54679759701794,3.54679759701794
"2265",6.2774555846234,6.45668983649439,6.64033839452915,6.82850997733869
"2266",9.76246943882473,9.76246943882473,9.76246943882473,9.76246943882473
"2267",8.78994315537655,8.78994315537655,8.78994315537655,8.78994315537655
"2268",5.80710147277078,5.80710147277078,5.80710147277078,5.80710147277078
"2269",3.46427032832366,3.46427032832366,3.46427032832366,3.46427032832366
"2270",8.59858929424655,8.59858929424655,8.59858929424655,8.59858929424655
"2271",7.89243435204757,7.89243435204757,7.89243435204757,7.89243435204757
"2272",5.5972330733381,5.5972330733381,5.5972330733381,5.5972330733381
"2273",27.5118719879807,27.343714132239,27.1765480410668,27.0103678652164
"2274",31.3228095629798,30.8622941630337,30.4083399016908,29.9608532999061
"2275",14.5822018676942,14.3702701132151,14.1612208184127,13.9550147792808
"2276",22.2952877850601,22.2952877850601,22.2952877850601,22.2952877850601
"2277",36.4070305496028,36.4070305496028,36.4070305496028,36.4070305496028
"2278",19.9076942790824,19.9076942790824,19.9076942790824,19.9076942790824
"2279",20.1027777925806,20.1027777925806,20.1027777925806,20.1027777925806
"2280",2.99925531002069,2.99925531002069,2.99925531002069,2.99925531002069
"2281",8.90025748855399,8.90025748855399,8.90025748855399,8.90025748855399
"2282",4.88886947951247,4.88886947951247,4.88886947951247,4.88886947951247
"2283",4.80166497063774,4.80166497063774,4.80166497063774,4.80166497063774
"2284",3.99245937592915,3.99245937592915,3.99245937592915,3.99245937592915
"2285",8.81205647445528,8.81205647445528,8.81205647445528,8.81205647445528
"2286",3.74737394113089,3.74737394113089,3.74737394113089,3.74737394113089
"2287",4.18111960811728,4.18111960811728,4.18111960811728,4.18111960811728
"2288",3.18786119094274,3.08064046042528,2.97616487463171,2.8743641503293
"2289",17.3772016120059,17.3772016120059,17.3772016120059,17.3772016120059
"2290",11.4020859436575,11.4020859436575,11.4020859436575,11.4020859436575
"2291",5.16943967903949,5.16943967903949,5.16943967903949,5.16943967903949
"2292",26.9044621933358,26.9044621933358,26.9044621933358,26.9044621933358
"2293",4.88939608012936,4.88939608012936,4.88939608012936,4.88939608012936
"2294",7.95323344309166,7.95323344309166,7.95323344309166,7.95323344309166
"2295",9.35774408998834,9.35774408998834,9.35774408998834,9.35774408998834
"2296",5.47596780034788,5.37393856712192,5.27351681014563,5.1746772035412
"2297",13.4437855143986,13.4437855143986,13.4437855143986,13.4437855143986
"2298",15.0648566552926,15.0648566552926,15.0648566552926,15.0648566552926
"2299",9.95225767254744,9.95225767254744,9.95225767254744,9.95225767254744
"2300",5.84650245086739,5.84650245086739,5.84650245086739,5.84650245086739
"2301",5.58509382626431,5.58509382626431,5.58509382626431,5.58509382626431
"2302",7.42850150280807,7.42850150280807,7.42850150280807,7.42850150280807
"2303",9.77178659629458,9.77178659629458,9.77178659629458,9.77178659629458
"2304",5.51507636611817,5.51507636611817,5.51507636611817,5.51507636611817
"2305",10.8916422879296,10.8916422879296,10.8916422879296,10.8916422879296
"2306",20.6961186493668,20.6961186493668,20.6961186493668,20.6961186493668
"2307",6.5433358546097,6.5433358546097,6.5433358546097,6.5433358546097
"2308",14.5849524036301,14.5849524036301,14.5849524036301,14.5849524036301
"2309",8.74208286444554,8.74208286444554,8.74208286444554,8.74208286444554
"2310",13.4419345706479,13.4419345706479,13.4419345706479,13.4419345706479
"2311",13.0567732194534,13.0567732194534,13.0567732194534,13.0567732194534
"2312",9.26595427940195,9.26595427940195,9.26595427940195,9.26595427940195
"2313",26.0428728422309,26.0428728422309,26.0428728422309,26.0428728422309
"2314",5.74991001833051,5.64845773104008,5.54853028875773,5.45010477280552
"2315",10.8680887528834,10.8680887528834,10.8680887528834,10.8680887528834
"2316",33.0130625179312,33.0130625179312,33.0130625179312,33.0130625179312
"2317",26.3962852258641,26.3962852258641,26.3962852258641,26.3962852258641
"2318",23.6280462234513,23.6280462234513,23.6280462234513,23.6280462234513
"2319",28.2974236989718,28.2974236989718,28.2974236989718,28.2974236989718
"2320",13.6272030582873,13.6272030582873,13.6272030582873,13.6272030582873
"2321",12.7543049036162,12.7543049036162,12.7543049036162,12.7543049036162
"2322",22.5472978330679,22.5472978330679,22.5472978330679,22.5472978330679
"2323",11.0764952003256,11.0764952003256,11.0764952003256,11.0764952003256
"2324",6.46941952789464,6.46941952789464,6.46941952789464,6.46941952789464
"2325",38.4155414868906,38.4155414868906,38.4155414868906,38.4155414868906
"2326",17.1401203984997,17.1401203984997,17.1401203984997,17.1401203984997
"2327",22.8747952495871,22.8747952495871,22.8747952495871,22.8747952495871
"2328",27.1661989952409,27.1661989952409,27.1661989952409,27.1661989952409
"2329",16.4577354635306,16.4577354635306,16.4577354635306,16.4577354635306
"2330",10.2318086800373,10.1649918464729,10.0985724991348,10.0325482734198
"2331",14.644928705686,14.644928705686,14.644928705686,14.644928705686
"2332",31.8492681109917,31.8492681109917,31.8492681109917,31.8492681109917
"2333",11.5105267560968,11.5105267560968,11.5105267560968,11.5105267560968
"2334",45.49435503969,45.49435503969,45.49435503969,45.49435503969
"2335",37.3647908464685,37.3647908464685,37.3647908464685,37.3647908464685
"2336",26.9124045540045,26.9124045540045,26.9124045540045,26.9124045540045
"2337",75.2256982874523,75.2256982874523,75.2256982874523,75.2256982874523
"2338",10.0514882122653,10.0514882122653,10.0514882122653,10.0514882122653
"2339",21.7490443450459,21.7490443450459,21.7490443450459,21.7490443450459
"2340",6.43280256864749,6.43280256864749,6.43280256864749,6.43280256864749
"2341",31.5738148028313,31.5738148028313,31.5738148028313,31.5738148028313
"2342",5.54253546174172,5.46677952957118,5.39190077434413,5.31788903924027
"2343",4.35870019394568,4.35870019394568,4.35870019394568,4.35870019394568
"2344",8.86266326040555,8.86266326040555,8.86266326040555,8.86266326040555
"2345",4.49275330744088,4.42133008744369,4.35083559591277,4.28125775643144
"2346",3.90497520296446,3.81878778782586,3.73411480858569,3.65092965444368
"2347",5.09374355588242,5.09374355588242,5.09374355588242,5.09374355588242
"2348",7.45705502538171,7.45705502538171,7.45705502538171,7.45705502538171
"2349",4.6318706663417,4.54921628462498,4.4677749539923,4.38752887148026
"2350",24.5886374079597,24.5886374079597,24.5886374079597,24.5886374079597
"2351",122.378140717417,122.378140717417,122.378140717417,122.378140717417
"2352",228.440693146049,228.440693146049,228.440693146049,228.440693146049
"2353",159.183929535194,158.103921257948,157.03119472165,155.96570083061
"2354",66.0150221034382,66.0150221034382,66.0150221034382,66.0150221034382
"2355",772.480699472574,772.480699472574,772.480699472574,772.480699472574
"2356",11.0445095269222,11.0445095269222,11.0445095269222,11.0445095269222
"2357",250.083539924746,250.083539924746,250.083539924746,250.083539924746
"2358",17.1357733642669,17.1357733642669,17.1357733642669,17.1357733642669
"2359",193.530426440206,193.530426440206,193.530426440206,193.530426440206
"2360",582.573951036068,582.573951036068,582.573951036068,582.573951036068
"2361",33.0340100912935,33.0340100912935,33.0340100912935,33.0340100912935
"2362",41.7452546780188,41.7452546780188,41.7452546780188,41.7452546780188
"2363",3.57404599393076,3.57404599393076,3.57404599393076,3.57404599393076
"2364",9.34431292979659,9.34431292979659,9.34431292979659,9.34431292979659
"2365",11.1582383948995,11.1582383948995,11.1582383948995,11.1582383948995
"2366",6.41881808326169,6.41881808326169,6.41881808326169,6.41881808326169
"2367",14.0481115711035,14.2691282358546,14.4933910465336,14.7209476803749
"2368",9.60557230105775,9.60557230105775,9.60557230105775,9.60557230105775
"2369",3.89930215199881,3.84905856412868,3.79933023701279,3.75011188652123
"2370",11.4782121631482,11.4782121631482,11.4782121631482,11.4782121631482
"2371",6.30106958697667,6.30106958697667,6.30106958697667,6.30106958697667
"2372",12.3516473715136,12.3516473715136,12.3516473715136,12.3516473715136
"2373",5.07513792262054,5.07513792262054,5.07513792262054,5.07513792262054
"2374",4.50710090109435,4.50710090109435,4.50710090109435,4.50710090109435
"2375",5.94849713388909,5.94849713388909,5.94849713388909,5.94849713388909
"2376",4.78125406672087,4.78125406672087,4.78125406672087,4.78125406672087
"2377",30.7814043946899,30.7814043946899,30.7814043946899,30.7814043946899
"2378",14.7084863178713,14.7084863178713,14.7084863178713,14.7084863178713
"2379",9.91062420434978,9.91062420434978,9.91062420434978,9.91062420434978
"2380",19.8739819572237,19.8739819572237,19.8739819572237,19.8739819572237
"2381",7.46460102493345,7.46460102493345,7.46460102493345,7.46460102493345
"2382",9.27629049400505,9.40312899031635,9.53153303249811,9.6615219438153
"2383",10.2710262533452,10.2710262533452,10.2710262533452,10.2710262533452
"2384",30.3667190776176,30.3667190776176,30.3667190776176,30.3667190776176
"2385",7.25296009598132,7.25296009598132,7.25296009598132,7.25296009598132
"2386",6.53603747071101,6.53603747071101,6.53603747071101,6.53603747071101
"2387",10.0849536851128,10.0849536851128,10.0849536851128,10.0849536851128
"2388",9.20815578891222,9.20815578891222,9.20815578891222,9.20815578891222
"2389",13.802806052521,13.802806052521,13.802806052521,13.802806052521
"2390",8.26827300179721,8.26827300179721,8.26827300179721,8.26827300179721
"2391",17.6298145604547,17.6298145604547,17.6298145604547,17.6298145604547
"2392",15.4710982785757,15.4710982785757,15.4710982785757,15.4710982785757
"2393",22.039238049851,22.039238049851,22.039238049851,22.039238049851
"2394",4.63335237325455,4.63335237325455,4.63335237325455,4.63335237325455
"2395",3.63621853804566,3.63621853804566,3.63621853804566,3.63621853804566
"2396",7.5696847909578,7.5696847909578,7.5696847909578,7.5696847909578
"2397",14.9240178149289,14.9240178149289,14.9240178149289,14.9240178149289
"2398",75.0361069744395,75.0523402934886,75.0668153250974,75.0797222328008
"2399",37.9285052442015,37.9285052442015,37.9285052442015,37.9285052442015
"2400",35.7014108143179,35.7012157076557,35.7010518010258,35.7009141050392
"2401",36.9025700963074,36.9025700963074,36.9025700963074,36.9025700963074
"2402",66.3296290632882,66.3357618669681,66.3411131594063,66.3457824788383
"2403",21.2284399917938,19.9810832483615,18.8037223681548,17.6924295086425
"2404",51.8345909204038,51.8345909204038,51.8345909204038,51.8345909204038
"2405",50.8870924348885,50.8870924348885,50.8870924348885,50.8870924348885
"2406",17.1814961572944,17.1814961572944,17.1814961572944,17.1814961572944
"2407",27.1805190620407,27.1805190620407,27.1805190620407,27.1805190620407
"2408",10.3987954039211,10.3987954039211,10.3987954039211,10.3987954039211
"2409",2.47171765613671,2.47171765613671,2.47171765613671,2.47171765613671
"2410",6.36483419558629,6.36483419558629,6.36483419558629,6.36483419558629
"2411",12.4074752805436,12.4074752805436,12.4074752805436,12.4074752805436
"2412",4.42195543151549,4.42195543151549,4.42195543151549,4.42195543151549
"2413",9.89505953486499,9.89505953486499,9.89505953486499,9.89505953486499
"2414",3.88972400597885,3.88972400597885,3.88972400597885,3.88972400597885
"2415",6.94610512709607,6.94610512709607,6.94610512709607,6.94610512709607
"2416",62.9200996809824,62.9200996809824,62.9200996809824,62.9200996809824
"2417",4.98646298283661,4.98646298283661,4.98646298283661,4.98646298283661
"2418",22.5683369903562,22.7557542082555,22.9446617822025,23.1350715636222
"2419",25.2993280500012,25.2993280500012,25.2993280500012,25.2993280500012
"2420",10.8854324905883,10.8854324905883,10.8854324905883,10.8854324905883
"2421",22.3787906435389,22.3787906435389,22.3787906435389,22.3787906435389
"2422",23.0617244951452,23.0617244951452,23.0617244951452,23.0617244951452
"2423",12.8515909346731,12.8515909346731,12.8515909346731,12.8515909346731
"2424",10.0385821995337,10.0385821995337,10.0385821995337,10.0385821995337
"2425",20.2908952584873,20.4251464975999,20.5602442673531,20.6961939056056
"2426",14.2947552971349,14.2947552971349,14.2947552971349,14.2947552971349
"2427",3.22385013790759,3.22385013790759,3.22385013790759,3.22385013790759
"2428",7.81601600877792,7.81601600877792,7.81601600877792,7.81601600877792
"2429",13.0440871064824,13.0440871064824,13.0440871064824,13.0440871064824
"2430",14.6156194034031,14.6156194034031,14.6156194034031,14.6156194034031
"2431",35.9977164012842,35.9977164012842,35.9977164012842,35.9977164012842
"2432",8.64522573955612,8.64522573955612,8.64522573955612,8.64522573955612
"2433",7.14023040809719,7.14023040809719,7.14023040809719,7.14023040809719
"2434",2.98178000080249,2.95351429533631,2.92544924136401,2.89758341450857
"2435",3.44873333650731,3.44873333650731,3.44873333650731,3.44873333650731
"2436",32.2208995970364,32.2208995970364,32.2208995970364,32.2208995970364
"2437",10.7057709588481,10.7057709588481,10.7057709588481,10.7057709588481
"2438",21.1509649970251,21.1509649970251,21.1509649970251,21.1509649970251
"2439",16.8043324130528,16.8043324130528,16.8043324130528,16.8043324130528
"2440",4.95890002320693,5.02450314626185,5.09082851163293,5.15788407067889
"2441",16.3837143491583,16.6795912921746,16.9805041650071,17.2865386809557
"2442",26.1959576524622,26.1959576524622,26.1959576524622,26.1959576524622
"2443",15.1104010332124,15.1104010332124,15.1104010332124,15.1104010332124
"2444",12.7411810081542,12.7411810081542,12.7411810081542,12.7411810081542
"2445",16.7406477261798,17.0144538316797,17.2924858135156,17.5748088931358
"2446",14.9489351878697,14.9583616749214,14.9668851571446,14.974591719948
"2447",12.4793963299093,12.743468762931,13.0127145915687,13.2872351668872
"2448",4.10280690865646,4.10280690865646,4.10280690865646,4.10280690865646
"2449",7.37395952708519,7.37395952708519,7.37395952708519,7.37395952708519
"2450",11.0712475473763,11.0712475473763,11.0712475473763,11.0712475473763
"2451",6.37613105495931,6.30295304184824,6.23050102202049,6.15876779295411
"2452",10.6669560800242,10.6669560800242,10.6669560800242,10.6669560800242
"2453",9.83923037391716,9.83923037391716,9.83923037391716,9.83923037391716
"2454",39.6428010791128,39.6428010791128,39.6428010791128,39.6428010791128
"2455",7.79343549774278,7.79343549774278,7.79343549774278,7.79343549774278
"2456",11.3821249119147,11.3821249119147,11.3821249119147,11.3821249119147
"2457",1.37028302935687,1.37028302935687,1.37028302935687,1.37028302935687
"2458",1.64343347515091,1.64343347515091,1.64343347515091,1.64343347515091
"2459",14.5050236653677,14.5050236653677,14.5050236653677,14.5050236653677
"2460",16.9396772976304,16.9396772976304,16.9396772976304,16.9396772976304
"2461",9.2104270303523,9.2104270303523,9.2104270303523,9.2104270303523
"2462",6.18887914591933,6.18887914591933,6.18887914591933,6.18887914591933
"2463",13.1170714194605,13.1170714194605,13.1170714194605,13.1170714194605
"2464",5.31523760978484,5.45842481189978,5.59098706754857,5.71346718879726
"2465",5.74983848273586,5.74983848273586,5.74983848273586,5.74983848273586
"2466",7.60488866564394,7.60488866564394,7.60488866564394,7.60488866564394
"2467",17.2387334968478,17.2387334968478,17.2387334968478,17.2387334968478
"2468",8.631983520082,8.631983520082,8.631983520082,8.631983520082
"2469",39.8553106784932,39.8553106784932,39.8553106784932,39.8553106784932
"2470",5.59526152899619,5.59526152899619,5.59526152899619,5.59526152899619
"2471",22.7939044352183,22.7939044352183,22.7939044352183,22.7939044352183
"2472",33.322307991936,33.322307991936,33.322307991936,33.322307991936
"2473",31.0499105169166,31.5504690218233,32.0588452963522,32.5751614391616
"2474",7.30183266701653,7.30183266701653,7.30183266701653,7.30183266701653
"2475",24.9402926657075,24.9402926657075,24.9402926657075,24.9402926657075
"2476",4.52041179218664,4.52041179218664,4.52041179218664,4.52041179218664
"2477",12.6948134566451,12.6948134566451,12.6948134566451,12.6948134566451
"2478",23.7538715311934,23.7538715311934,23.7538715311934,23.7538715311934
"2479",5.82235531297663,5.82235531297663,5.82235531297663,5.82235531297663
"2480",6.37586402436171,6.37586402436171,6.37586402436171,6.37586402436171
"2481",5.07359799665603,5.07359799665603,5.07359799665603,5.07359799665603
"2482",5.79161320828482,5.79161320828482,5.79161320828482,5.79161320828482
"2483",5.08684726801347,5.08684726801347,5.08684726801347,5.08684726801347
"2484",9.50494553063831,9.50494553063831,9.50494553063831,9.50494553063831
"2485",25.5827880672511,25.5827880672511,25.5827880672511,25.5827880672511
"2486",9.97623684924771,9.82428111498621,9.67442906575739,9.52665157800933
"2487",4.88793701383057,4.88793701383057,4.88793701383057,4.88793701383057
"2488",4.01257955850052,3.94857377477406,3.88538528288359,3.82300364680434
"2489",6.1023780277705,6.1023780277705,6.1023780277705,6.1023780277705
"2490",6.8677499166881,6.8677499166881,6.8677499166881,6.8677499166881
"2491",7.2985988707846,7.2985988707846,7.2985988707846,7.2985988707846
"2492",6.78722988792968,6.78722988792968,6.78722988792968,6.78722988792968
"2493",20.6110190086455,20.6110190086455,20.6110190086455,20.6110190086455
"2494",17.7458022366715,17.7486961172115,17.7512520337683,17.7535094173581
"2495",14.7661278318213,14.7661278318213,14.7661278318213,14.7661278318213
"2496",45.6943460544442,46.3913430667811,47.0987440118476,47.816704187033
"2497",9.67272463705106,9.27179952784368,8.88593532844699,8.51456626984548
"2498",7.60948981885566,7.60948981885566,7.60948981885566,7.60948981885566
"2499",7.59027147934088,7.59027147934088,7.59027147934088,7.59027147934088
"2500",15.7605276575459,15.7605276575459,15.7605276575459,15.7605276575459
"2501",103.670575998974,103.670575998974,103.670575998974,103.670575998974
"2502",63.003778259181,63.003778259181,63.003778259181,63.003778259181
"2503",57.8354195885453,57.8354195885453,57.8354195885453,57.8354195885453
"2504",71.1790418186268,71.1790418186268,71.1790418186268,71.1790418186268
"2505",16.7124691303131,16.7124691303131,16.7124691303131,16.7124691303131
"2506",9.20244400594269,9.20268767312691,9.20288650320472,9.20304874598766
"2507",16.5461808742036,16.5461808742036,16.5461808742036,16.5461808742036
"2508",7.66636537884128,7.66636537884128,7.66636537884128,7.66636537884128
"2509",10.9837077640374,10.9837077640374,10.9837077640374,10.9837077640374
"2510",14.7858408823542,14.7903432736979,14.7943032239658,14.7977859729536
"2511",3.39262907749706,3.39262907749706,3.39262907749706,3.39262907749706
"2512",27.6955973416277,27.6955973416277,27.6955973416277,27.6955973416277
"2513",17.6323404916527,17.6323404916527,17.6323404916527,17.6323404916527
"2514",20.5902392629309,20.5902392629309,20.5902392629309,20.5902392629309
"2515",24.9507657502536,24.9507657502536,24.9507657502536,24.9507657502536
"2516",27.5632457137965,27.5632457137965,27.5632457137965,27.5632457137965
"2517",62.4727106377859,62.4727106377859,62.4727106377859,62.4727106377859
"2518",29.7475314721397,29.7561774941237,29.7648259473174,29.7734768324044
"2519",20.4192751529713,20.4192751529713,20.4192751529713,20.4192751529713
"2520",25.8453694334383,25.8453694334383,25.8453694334383,25.8453694334383
"2521",16.9164820231836,16.9164820231836,16.9164820231836,16.9164820231836
"2522",20.6331091150411,20.6331091150411,20.6331091150411,20.6331091150411
"2523",23.2544800530588,23.2544800530588,23.2544800530588,23.2544800530588
"2524",22.6646853845929,22.6646853845929,22.6646853845929,22.6646853845929
"2525",77.2356663815806,77.2356663815806,77.2356663815806,77.2356663815806
"2526",40.690497407691,40.690497407691,40.690497407691,40.690497407691
"2527",51.992912616143,51.992912616143,51.992912616143,51.992912616143
"2528",33.0720468722342,33.0720468722342,33.0720468722342,33.0720468722342
"2529",57.2515267501465,57.2515267501465,57.2515267501465,57.2515267501465
"2530",23.5810399697068,23.5810399697068,23.5810399697068,23.5810399697068
"2531",61.3537814908922,61.7320277687574,62.1125685385252,62.4954177188864
"2532",43.3244369277163,43.3244369277163,43.3244369277163,43.3244369277163
"2533",52.2394386347489,52.2394386347489,52.2394386347489,52.2394386347489
"2534",25.5933520053235,25.5933520053235,25.5933520053235,25.5933520053235
"2535",49.7469905760411,49.7469905760411,49.7469905760411,49.7469905760411
"2536",23.8371382441306,23.8338222311104,23.8309215679004,23.8283841897895
"2537",49.3672034742969,49.3672034742969,49.3672034742969,49.3672034742969
"2538",6.38923124550929,6.38923124550929,6.38923124550929,6.38923124550929
"2539",42.9744785862726,42.9744785862726,42.9744785862726,42.9744785862726
"2540",46.9167491555272,46.9167491555272,46.9167491555272,46.9167491555272
"2541",70.1865188199454,70.1865188199454,70.1865188199454,70.1865188199454
"2542",53.6913955435889,53.6913955435889,53.6913955435889,53.6913955435889
"2543",88.766479942778,88.766479942778,88.766479942778,88.766479942778
"2544",58.4229301251833,58.4229301251833,58.4229301251833,58.4229301251833
"2545",53.7874014560807,53.7874014560807,53.7874014560807,53.7874014560807
"2546",72.3239163929426,72.3239163929426,72.3239163929426,72.3239163929426
"2547",54.0089500846686,54.0089500846686,54.0089500846686,54.0089500846686
"2548",11.8398183469761,11.8398183469761,11.8398183469761,11.8398183469761
"2549",10.8025508783271,10.8025508783271,10.8025508783271,10.8025508783271
"2550",10.4160498489385,10.4160498489385,10.4160498489385,10.4160498489385
"2551",16.115095037266,16.1261598519929,16.1361871012645,16.1452735514328
"2552",8.37285427800796,8.37285427800796,8.37285427800796,8.37285427800796
"2553",7.8531711314928,7.8531711314928,7.8531711314928,7.8531711314928
"2554",12.0590999629998,12.0590999629998,12.0590999629998,12.0590999629998
"2555",10.6703785099794,10.6703785099794,10.6703785099794,10.6703785099794
"2556",3.79042342610861,3.78995284526443,3.78954097516327,3.7891804867783
"2557",13.094846367083,13.094846367083,13.094846367083,13.094846367083
"2558",6.07682909678731,6.07682909678731,6.07682909678731,6.07682909678731
"2559",38.7042008822054,38.703050821877,38.7021199506163,38.7013664895933
"2560",17.856886179466,17.856886179466,17.856886179466,17.856886179466
"2561",4.49508643444247,4.49508643444247,4.49508643444247,4.49508643444247
"2562",6.78546372743468,6.78546372743468,6.78546372743468,6.78546372743468
"2563",18.1584298395263,18.1584298395263,18.1584298395263,18.1584298395263
"2564",22.8457253962196,22.8457253962196,22.8457253962196,22.8457253962196
"2565",17.7767851252929,17.7767851252929,17.7767851252929,17.7767851252929
"2566",9.3473885817235,9.3473885817235,9.3473885817235,9.3473885817235
"2567",12.5553543892659,12.5553543892659,12.5553543892659,12.5553543892659
"2568",22.2356734532933,22.2356734532933,22.2356734532933,22.2356734532933
"2569",36.992138940488,37.4107701507342,37.8340142123511,38.261921953842
"2570",19.5596490369043,19.5596490369043,19.5596490369043,19.5596490369043
"2571",20.0828197580798,20.0828197580798,20.0828197580798,20.0828197580798
"2572",24.3572358545364,24.3572358545364,24.3572358545364,24.3572358545364
"2573",18.1209171365337,18.1209171365337,18.1209171365337,18.1209171365337
"2574",34.5238917549628,35.0263633195856,35.5359421481027,36.0527287699841
"2575",6.736603976219,6.736603976219,6.736603976219,6.736603976219
"2576",10.816625366286,10.816625366286,10.816625366286,10.816625366286
"2577",8.63055717864189,8.79585216148863,8.96398420047319,9.13500198967805
"2578",10.9707008514189,10.9707008514189,10.9707008514189,10.9707008514189
"2579",14.8542127827872,14.8542127827872,14.8542127827872,14.8542127827872
"2580",15.2355685829606,15.2355685829606,15.2355685829606,15.2355685829606
"2581",18.4804603665688,18.4804603665688,18.4804603665688,18.4804603665688
"2582",4.71744458996681,4.71744458996681,4.71744458996681,4.71744458996681
"2583",5.6896764942029,5.6896764942029,5.6896764942029,5.6896764942029
"2584",7.8053854531534,7.8053854531534,7.8053854531534,7.8053854531534
"2585",15.7661536010319,15.7661536010319,15.7661536010319,15.7661536010319
"2586",3.8352071953782,3.8352071953782,3.8352071953782,3.8352071953782
"2587",10.195528057275,10.195528057275,10.195528057275,10.195528057275
"2588",45.7099723700364,45.7099723700364,45.7099723700364,45.7099723700364
"2589",11.0990388476316,11.0990388476316,11.0990388476316,11.0990388476316
"2590",28.613187115902,28.613187115902,28.613187115902,28.613187115902
"2591",9.82169982091769,9.82169982091769,9.82169982091769,9.82169982091769
"2592",5.95679839974353,5.95679839974353,5.95679839974353,5.95679839974353
"2593",7.91491368338347,7.91491368338347,7.91491368338347,7.91491368338347
"2594",8.37534165964902,8.37534165964902,8.37534165964902,8.37534165964902
"2595",7.65686535199339,7.65686535199339,7.65686535199339,7.65686535199339
"2596",14.086276866547,14.086276866547,14.086276866547,14.086276866547
"2597",18.7331446986224,18.7331446986224,18.7331446986224,18.7331446986224
"2598",16.3577591941217,16.3577591941217,16.3577591941217,16.3577591941217
"2599",11.113004948722,11.113004948722,11.113004948722,11.113004948722
"2600",4.31271195534903,4.31271195534903,4.31271195534903,4.31271195534903
"2601",9.75462135401671,9.75462135401671,9.75462135401671,9.75462135401671
"2602",8.12725009867276,8.12725009867276,8.12725009867276,8.12725009867276
"2603",46.022745701082,46.022745701082,46.022745701082,46.022745701082
"2604",41.6607860104904,41.9172413241624,42.1752383189439,42.4347862626509
"2605",44.2183082238495,45.3035201022421,46.4147764052775,47.5527021832968
"2606",26.2854716351565,26.2854716351565,26.2854716351565,26.2854716351565
"2607",47.3660991321912,47.3660991321912,47.3660991321912,47.3660991321912
"2608",20.2479561949905,20.2479561949905,20.2479561949905,20.2479561949905
"2609",8.42110215514403,8.42110215514403,8.42110215514403,8.42110215514403
"2610",15.8745254320965,15.8745254320965,15.8745254320965,15.8745254320965
"2611",5.88018870355383,5.88018870355383,5.88018870355383,5.88018870355383
"2612",8.8920030122289,8.8920030122289,8.8920030122289,8.8920030122289
"2613",7.23366176352281,7.23366176352281,7.23366176352281,7.23366176352281
"2614",6.45304501047187,6.45304501047187,6.45304501047187,6.45304501047187
"2615",7.21927412873765,7.21927412873765,7.21927412873765,7.21927412873765
"2616",19.0739762360946,19.0739762360946,19.0739762360946,19.0739762360946
"2617",6.3767235312416,6.3767235312416,6.3767235312416,6.3767235312416
"2618",17.7296656564092,17.7296656564092,17.7296656564092,17.7296656564092
"2619",60.3420300852194,60.3420300852194,60.3420300852194,60.3420300852194
"2620",70.8833946056354,71.5583498922547,72.2396427293116,72.9273326237783
"2621",30.5847392379232,30.5847392379232,30.5847392379232,30.5847392379232
"2622",49.9022265017706,49.9022265017706,49.9022265017706,49.9022265017706
"2623",32.7854902194522,32.7854902194522,32.7854902194522,32.7854902194522
"2624",22.5079860935247,22.5219535975168,22.5345045510829,22.5457819693702
"2625",20.2898428488003,20.2898428488003,20.2898428488003,20.2898428488003
"2626",7.03973706110955,7.03973706110955,7.03973706110955,7.03973706110955
"2627",9.70800650920786,9.70800650920786,9.70800650920786,9.70800650920786
"2628",4.69689189302148,4.69689189302148,4.69689189302148,4.69689189302148
"2629",7.84898787970785,7.84898787970785,7.84898787970785,7.84898787970785
"2630",6.59913483724324,6.59913483724324,6.59913483724324,6.59913483724324
"2631",12.5402647259345,12.5402647259345,12.5402647259345,12.5402647259345
"2632",9.64887231335603,9.64887231335603,9.64887231335603,9.64887231335603
"2633",13.8826626473868,13.8826626473868,13.8826626473868,13.8826626473868
"2634",13.0368389846106,13.0368389846106,13.0368389846106,13.0368389846106
"2635",15.7482223907491,15.7482223907491,15.7482223907491,15.7482223907491
"2636",9.34379643187503,9.34379643187503,9.34379643187503,9.34379643187503
"2637",8.88330795692285,8.88330795692285,8.88330795692285,8.88330795692285
"2638",47.9106647086614,47.9106647086614,47.9106647086614,47.9106647086614
"2639",3.36925002684665,3.36925002684665,3.36925002684665,3.36925002684665
"2640",9.41662407426,8.45929821073952,7.58995409662572,6.80050588725106
"2641",4.60587035679472,4.60587035679472,4.60587035679472,4.60587035679472
"2642",6.86260579637564,6.86260579637564,6.86260579637564,6.86260579637564
"2643",9.20653451852901,9.20653451852901,9.20653451852901,9.20653451852901
"2644",7.7456236849733,7.7456236849733,7.7456236849733,7.7456236849733
"2645",20.9050985147815,20.9050985147815,20.9050985147815,20.9050985147815
"2646",21.9840534477808,22.0536751297139,22.1192514800274,22.181006527918
"2647",61.2583968664714,61.2583968664714,61.2583968664714,61.2583968664714
"2648",55.8012517991433,55.8012517991433,55.8012517991433,55.8012517991433
"2649",63.0144532780039,63.0144532780039,63.0144532780039,63.0144532780039
"2650",50.7513560559557,50.7513560559557,50.7513560559557,50.7513560559557
"2651",51.8033743249942,51.8033743249942,51.8033743249942,51.8033743249942
"2652",41.568418945027,41.568418945027,41.568418945027,41.568418945027
"2653",54.8025765728282,54.8025765728282,54.8025765728282,54.8025765728282
"2654",37.4070784698212,37.4070784698212,37.4070784698212,37.4070784698212
"2655",15.5838889608731,15.5838889608731,15.5838889608731,15.5838889608731
"2656",5.45749264622276,5.45749264622276,5.45749264622276,5.45749264622276
"2657",6.17195333156056,6.17195333156056,6.17195333156056,6.17195333156056
"2658",4.06009781809087,4.06009781809087,4.06009781809087,4.06009781809087
"2659",25.631734744649,25.631734744649,25.631734744649,25.631734744649
"2660",63.4389412669227,63.4389412669227,63.4389412669227,63.4389412669227
"2661",47.2034253657856,47.2034253657856,47.2034253657856,47.2034253657856
"2662",56.0842892616045,56.0842892616045,56.0842892616045,56.0842892616045
"2663",4.42425086387784,4.42425086387784,4.42425086387784,4.42425086387784
"2664",4.90998176327058,4.90998176327058,4.90998176327058,4.90998176327058
"2665",8.98948540103186,8.98948540103186,8.98948540103186,8.98948540103186
"2666",4.46310476699506,4.46310476699506,4.46310476699506,4.46310476699506
"2667",8.92266220735022,8.92266220735022,8.92266220735022,8.92266220735022
"2668",10.1626901081735,10.1626901081735,10.1626901081735,10.1626901081735
"2669",6.893393767151,6.893393767151,6.893393767151,6.893393767151
"2670",5.2157343334046,5.2157343334046,5.2157343334046,5.2157343334046
"2671",6.32941476592859,6.32941476592859,6.32941476592859,6.32941476592859
"2672",4.5077357624912,4.5077357624912,4.5077357624912,4.5077357624912
"2673",18.3822282182426,18.3822282182426,18.3822282182426,18.3822282182426
"2674",6.60827040368219,6.60827040368219,6.60827040368219,6.60827040368219
"2675",6.59245786979709,6.59245786979709,6.59245786979709,6.59245786979709
"2676",17.0006754983229,17.0092560926103,17.0169670168637,17.0238960959216
"2677",27.2007655725114,27.2007655725114,27.2007655725114,27.2007655725114
"2678",12.7140475242969,12.7140475242969,12.7140475242969,12.7140475242969
"2679",21.6631981436875,21.6631981436875,21.6631981436875,21.6631981436875
"2680",8.32159131243142,8.32159131243142,8.32159131243142,8.32159131243142
"2681",7.1964666338229,7.1964666338229,7.1964666338229,7.1964666338229
"2682",4.77832357158292,4.77832357158292,4.77832357158292,4.77832357158292
"2683",8.11324043211833,8.11324043211833,8.11324043211833,8.11324043211833
"2684",3.13722375500282,3.13722375500282,3.13722375500282,3.13722375500282
"2685",5.48928792821324,5.48928792821324,5.48928792821324,5.48928792821324
"2686",74.2456187090817,74.2456187090817,74.2456187090817,74.2456187090817
"2687",68.519748173941,68.519748173941,68.519748173941,68.519748173941
"2688",368.095510239989,368.095510239989,368.095510239989,368.095510239989
"2689",58.4112965289566,58.4112965289566,58.4112965289566,58.4112965289566
"2690",408.49932223451,408.49932223451,408.49932223451,408.49932223451
"2691",73.3531325126301,73.3531325126301,73.3531325126301,73.3531325126301
"2692",274.419217884074,273.089275918568,271.765755965459,270.448627014188
"2693",22.3445358109117,22.3445358109117,22.3445358109117,22.3445358109117
"2694",34.0818773208084,34.0818773208084,34.0818773208084,34.0818773208084
"2695",186.328699960366,186.328699960366,186.328699960366,186.328699960366
"2696",50.4631100443753,50.4631100443753,50.4631100443753,50.4631100443753
"2697",534.820700475289,534.820700475289,534.820700475289,534.820700475289
"2698",16.218176270613,16.218176270613,16.218176270613,16.218176270613
"2699",40.7895150190363,40.7895150190363,40.7895150190363,40.7895150190363
"2700",16.1080954300416,16.1080954300416,16.1080954300416,16.1080954300416
"2701",453.931019354829,453.931019354829,453.931019354829,453.931019354829
"2702",45.1202209447057,45.1202209447057,45.1202209447057,45.1202209447057
"2703",27.9178336459916,27.9178336459916,27.9178336459916,27.9178336459916
"2704",59.215672650276,59.215672650276,59.215672650276,59.215672650276
"2705",202.360766175741,202.350482479154,202.341516055061,202.333698122314
"2706",198.19269008119,198.19269008119,198.19269008119,198.19269008119
"2707",11.3338026305907,11.3338026305907,11.3338026305907,11.3338026305907
"2708",6.57936282176025,6.57936282176025,6.57936282176025,6.57936282176025
"2709",11.4332872847168,11.4332872847168,11.4332872847168,11.4332872847168
"2710",17.1207707582927,17.1207707582927,17.1207707582927,17.1207707582927
"2711",21.851699043305,21.851699043305,21.851699043305,21.851699043305
"2712",7.91227950563414,7.89721501789097,7.88334295468182,7.87056731689143
"2713",32.2891106006804,32.5069348231648,32.7261843583428,32.9468685326166
"2714",3.46535437401302,3.46535437401302,3.46535437401302,3.46535437401302
"2715",8.0356909668147,8.0356909668147,8.0356909668147,8.0356909668147
"2716",41.6389461455953,42.3425712457166,43.0578075212133,43.784846578942
"2717",19.427553971376,19.427553971376,19.427553971376,19.427553971376
"2718",8.7830014879863,8.99137663672692,9.20419011685961,9.42153646358043
"2719",6.53054755273449,6.6109571962614,6.69222543748347,6.77436144433094
"2720",5.39079693225841,5.39079693225841,5.39079693225841,5.39079693225841
"2721",22.9497347617369,22.9497347617369,22.9497347617369,22.9497347617369
"2722",19.3966056851637,19.687434867597,19.9824108975332,20.2815929036475
"2723",12.2521256085645,12.2521256085645,12.2521256085645,12.2521256085645
"2724",31.6733891694706,32.0845654473988,32.5009161481778,32.922506389017
"2725",11.9218861115861,11.9218861115861,11.9218861115861,11.9218861115861
"2726",11.6189932320185,11.6189932320185,11.6189932320185,11.6189932320185
"2727",4.95643148355569,4.95643148355569,4.95643148355569,4.95643148355569
"2728",4.92475691152737,4.92475691152737,4.92475691152737,4.92475691152737
"2729",5.34659274649382,5.34659274649382,5.34659274649382,5.34659274649382
"2730",9.3576269392109,9.51896632163353,9.68281886623832,9.84922372021957
"2731",9.77668770031242,9.77668770031242,9.77668770031242,9.77668770031242
"2732",7.249570093967,7.249570093967,7.249570093967,7.249570093967
"2733",5.65697979227688,5.65712760683385,5.65724586091871,5.65734046575994
"2734",6.70157878937914,6.70157878937914,6.70157878937914,6.70157878937914
"2735",3.65542921413321,3.65542921413321,3.65542921413321,3.65542921413321
"2736",4.51812229310959,4.51812229310959,4.51812229310959,4.51812229310959
"2737",6.17907137946886,6.17907137946886,6.17907137946886,6.17907137946886
"2738",11.7648966829687,11.7648966829687,11.7648966829687,11.7648966829687
"2739",22.5847469134486,22.5847469134486,22.5847469134486,22.5847469134486
"2740",24.4214376202892,24.4214376202892,24.4214376202892,24.4214376202892
"2741",8.35174039222259,8.35174039222259,8.35174039222259,8.35174039222259
"2742",6.82327227628417,6.82327227628417,6.82327227628417,6.82327227628417
"2743",11.7901388603066,11.7901388603066,11.7901388603066,11.7901388603066
"2744",3.8584822382172,3.8584822382172,3.8584822382172,3.8584822382172
"2745",5.91749261390515,5.91749261390515,5.91749261390515,5.91749261390515
"2746",4.40172030599268,4.40172030599268,4.40172030599268,4.40172030599268
"2747",3.82404104935007,3.82404104935007,3.82404104935007,3.82404104935007
"2748",8.51266710890441,8.51266710890441,8.51266710890441,8.51266710890441
"2749",6.25955362167676,6.25955362167676,6.25955362167676,6.25955362167676
"2750",9.94334462194104,9.94334462194104,9.94334462194104,9.94334462194104
"2751",7.98720180674759,7.98720180674759,7.98720180674759,7.98720180674759
"2752",7.27784280744089,7.27784280744089,7.27784280744089,7.27784280744089
"2753",6.97478141896088,6.97478141896088,6.97478141896088,6.97478141896088
"2754",5.0059021274414,5.0059021274414,5.0059021274414,5.0059021274414
"2755",10.6618754797987,10.9359970471457,11.2165620578149,11.503721970016
"2756",15.2687908227663,15.6042744597267,15.9466762058382,16.2961387215138
"2757",24.8371232227431,24.8371232227431,24.8371232227431,24.8371232227431
"2758",22.0613285775394,22.0613285775394,22.0613285775394,22.0613285775394
"2759",17.1952333418485,17.1952333418485,17.1952333418485,17.1952333418485
"2760",12.3322891975715,12.3322891975715,12.3322891975715,12.3322891975715
"2761",18.3496288576274,18.6268556998009,18.9080544384168,19.1932819798021
"2762",40.9266013298607,41.4415717545862,41.9628673888428,42.4905659230643
"2763",12.458110907247,12.458110907247,12.458110907247,12.458110907247
"2764",18.9664065515898,18.9664065515898,18.9664065515898,18.9664065515898
"2765",13.3199982801482,13.3199982801482,13.3199982801482,13.3199982801482
"2766",17.4721710025943,17.4721710025943,17.4721710025943,17.4721710025943
"2767",19.9697295374063,20.3008744860017,20.6372487331813,20.9789348577789
"2768",17.4493237071663,17.4493237071663,17.4493237071663,17.4493237071663
"2769",17.9254542052196,17.9240723292715,17.9229046234667,17.921917884332
"2770",19.5676251750391,19.5676251750391,19.5676251750391,19.5676251750391
"2771",15.5708189677887,15.5708189677887,15.5708189677887,15.5708189677887
"2772",17.1066887606808,17.1066887606808,17.1066887606808,17.1066887606808
"2773",34.2678831410785,35.0462945350976,35.8418865547844,36.6550384005214
"2774",25.7980204079883,25.7980204079883,25.7980204079883,25.7980204079883
"2775",16.5530418229447,16.5530418229447,16.5530418229447,16.5530418229447
"2776",25.6302044456269,25.7036437695848,25.7729251490469,25.8382736678351
"2777",24.5155648658465,24.7781253480227,25.0433876323014,25.3113795207895
"2778",24.6151151748423,24.6151151748423,24.6151151748423,24.6151151748423
"2779",8.89284148622622,8.89284148622622,8.89284148622622,8.89284148622622
"2780",5.31969382215318,5.31969382215318,5.31969382215318,5.31969382215318
"2781",14.7053009364504,14.7053009364504,14.7053009364504,14.7053009364504
"2782",6.09062692271732,6.09062692271732,6.09062692271732,6.09062692271732
"2783",12.4923691029127,12.4808440191569,12.4704589510334,12.4611003860631
"2784",38.2713684254391,38.2713684254391,38.2713684254391,38.2713684254391
"2785",20.822345330341,21.1747022546748,21.5327485492502,21.8965760781164
"2786",5.59892133005014,5.59892133005014,5.59892133005014,5.59892133005014
"2787",7.3176595195803,7.3176595195803,7.3176595195803,7.3176595195803
"2788",11.4624907901386,11.4624907901386,11.4624907901386,11.4624907901386
"2789",6.07470948414229,6.07470948414229,6.07470948414229,6.07470948414229
"2790",6.23598198770754,6.23598198770754,6.23598198770754,6.23598198770754
"2791",6.11908437718099,6.11908437718099,6.11908437718099,6.11908437718099
"2792",8.63302449818485,8.63302449818485,8.63302449818485,8.63302449818485
"2793",6.03315473519125,6.03315473519125,6.03315473519125,6.03315473519125
"2794",18.4421348737601,18.4421348737601,18.4421348737601,18.4421348737601
"2795",9.32833191608177,9.44327250573677,9.55949223119585,9.67700532753828
"2796",49.0030987531552,49.0030987531552,49.0030987531552,49.0030987531552
"2797",9.6066778015186,9.6066778015186,9.6066778015186,9.6066778015186
"2798",5.64556235600689,5.64556235600689,5.64556235600689,5.64556235600689
"2799",6.7384908660367,6.7384908660367,6.7384908660367,6.7384908660367
"2800",4.86472576743309,4.86472576743309,4.86472576743309,4.86472576743309
"2801",10.0282019108494,10.1516051300115,10.2763892047856,10.4025695866506
"2802",4.64789922310198,4.64789922310198,4.64789922310198,4.64789922310198
"2803",8.30757290200821,8.38267556195622,8.45838422409092,8.53470377823444
"2804",5.97298625855311,5.97298625855311,5.97298625855311,5.97298625855311
"2805",15.856354946882,16.0952590125105,16.3375490505365,16.5832730501354
"2806",14.6126260659969,14.6126260659969,14.6126260659969,14.6126260659969
"2807",13.6875565053871,13.6880517418363,13.6884584759425,13.6887925218825
"2808",17.9903283518825,17.9903283518825,17.9903283518825,17.9903283518825
"2809",9.34238381575468,9.34238381575468,9.34238381575468,9.34238381575468
"2810",13.1307413820442,13.1307413820442,13.1307413820442,13.1307413820442
"2811",5.48711914765102,5.48711914765102,5.48711914765102,5.48711914765102
"2812",14.8234458751345,14.8234458751345,14.8234458751345,14.8234458751345
"2813",41.1846114076794,41.1846114076794,41.1846114076794,41.1846114076794
"2814",51.872837670671,51.872837670671,51.872837670671,51.872837670671
"2815",41.9011629180896,41.9011629180896,41.9011629180896,41.9011629180896
"2816",44.228166607157,44.228166607157,44.228166607157,44.228166607157
"2817",25.9827231605736,25.0324377749011,24.1156198161021,23.2310906186109
"2818",40.8996767813087,33.0609374984179,26.6886972022817,21.5085980911492
"2819",112.905619796897,111.139966002942,109.401681651562,107.690342488361
"2820",33.3735367529573,33.3735367529573,33.3735367529573,33.3735367529573
"2821",50.0790953857377,49.0367163535187,48.0156093120937,47.0153401606429
"2822",60.8773438075803,61.0431495615334,61.1991454351638,61.345888382761
"2823",4.22287388021437,4.22287388021437,4.22287388021437,4.22287388021437
"2824",54.0281329020687,54.1611826943488,54.2865686915004,54.4047157812132
"2825",41.1376563605283,41.1407498970084,41.143421548348,41.1457288281593
"2826",109.873523425065,109.982381366876,110.080978987348,110.170275427531
"2827",31.0786514755852,31.0786514755852,31.0786514755852,31.0786514755852
"2828",52.481365836698,52.5231507165523,52.5609177609463,52.5950508495699
"2829",14.9777789581906,15.2004432663854,15.4262105962376,15.6551241910649
"2830",44.822811877407,44.822811877407,44.822811877407,44.822811877407
"2831",56.3475926457352,56.3475926457352,56.3475926457352,56.3475926457352
"2832",33.8300327550846,33.8300327550846,33.8300327550846,33.8300327550846
"2833",56.7316528167672,56.9199936650279,57.0970002535412,57.2633215466327
"2834",5.66905282385637,5.66905282385637,5.66905282385637,5.66905282385637
"2835",3.95688165303209,3.95688165303209,3.95688165303209,3.95688165303209
"2836",5.46433654172849,5.46433654172849,5.46433654172849,5.46433654172849
"2837",5.48911136210791,5.48911136210791,5.48911136210791,5.48911136210791
"2838",23.9957878880278,23.9957878880278,23.9957878880278,23.9957878880278
"2839",10.2130419949725,10.2108552433606,10.2089205963957,10.2072089533986
"2840",79.7213984110828,80.5606438445762,81.4086147574532,82.2654018669071
"2841",267.815643245222,267.815643245222,267.815643245222,267.815643245222
"2842",303.341474248532,304.15200257404,304.964689514861,305.77954081986
"2843",71.6873520002338,71.6873520002338,71.6873520002338,71.6873520002338
"2844",1141.32699641799,1141.32699641799,1141.32699641799,1141.32699641799
"2845",21.63979942351,21.63979942351,21.63979942351,21.63979942351
"2846",173.804483957297,173.804483957297,173.804483957297,173.804483957297
"2847",109.236194636534,109.236194636534,109.236194636534,109.236194636534
"2848",709.933028146443,709.933028146443,709.933028146443,709.933028146443
"2849",13.4735411595734,13.4735411595734,13.4735411595734,13.4735411595734
"2850",12.5366141630451,12.5366141630451,12.5366141630451,12.5366141630451
"2851",16.3402158231559,16.7334613055186,17.1356249011836,17.5469088572167
"2852",12.1457536837246,12.1457536837246,12.1457536837246,12.1457536837246
"2853",10.8803091073728,11.0528082061242,11.2278119483829,11.4053567009422
"2854",11.9989137851241,11.9989137851241,11.9989137851241,11.9989137851241
"2855",9.98761276200765,9.98761276200765,9.98761276200765,9.98761276200765
"2856",124.089464342957,124.089464342957,124.089464342957,124.089464342957
"2857",39.9555566707384,40.6621731384128,41.3809810368228,42.1121907077736
"2858",12.0053043262164,12.0053043262164,12.0053043262164,12.0053043262164
"2859",50.8438291851038,50.8438291851038,50.8438291851038,50.8438291851038
"2860",7.33046013812051,7.33046013812051,7.33046013812051,7.33046013812051
"2861",18.2619503646334,18.2619503646334,18.2619503646334,18.2619503646334
"2862",2.89201337056046,2.89201337056046,2.89201337056046,2.89201337056046
"2863",9.76003115565447,9.76003115565447,9.76003115565447,9.76003115565447
"2864",10.965374161418,10.9660028818897,10.9665058820556,10.9669082974139
"2865",15.6888147789803,15.6888147789803,15.6888147789803,15.6888147789803
"2866",29.3715793845067,29.1061319373569,28.8430044995258,28.582176794144
"2867",21.2158183765445,21.216439009551,21.2169384628267,21.2173403949576
"2868",42.0935333538422,42.0935333538422,42.0935333538422,42.0935333538422
"2869",17.4983257964371,17.4983257964371,17.4983257964371,17.4983257964371
"2870",11.3437983897559,11.3322973954761,11.3218735349041,11.3124251485485
"2871",6.65521625664224,6.65521625664224,6.65521625664224,6.65521625664224
"2872",6.34170359922025,6.34170359922025,6.34170359922025,6.34170359922025
"2873",13.8109299701678,13.8109299701678,13.8109299701678,13.8109299701678
"2874",124.32686133662,124.32686133662,124.32686133662,124.32686133662
"2875",13.4033104477642,13.4033104477642,13.4033104477642,13.4033104477642
"2876",8.17926959045297,8.17926959045297,8.17926959045297,8.17926959045297
"2877",22.4318067433948,22.4318067433948,22.4318067433948,22.4318067433948
"2878",34.6406305681869,34.6406305681869,34.6406305681869,34.6406305681869
"2879",14.8590446365669,14.8590446365669,14.8590446365669,14.8590446365669
"2880",13.7754337957139,13.7754337957139,13.7754337957139,13.7754337957139
"2881",21.3147854516548,21.3147854516548,21.3147854516548,21.3147854516548
"2882",5.26766689928349,5.26766689928349,5.26766689928349,5.26766689928349
"2883",19.9634597456372,19.9634597456372,19.9634597456372,19.9634597456372
"2884",8.18324657421085,8.18324657421085,8.18324657421085,8.18324657421085
"2885",25.0913308577822,25.0913308577822,25.0913308577822,25.0913308577822
"2886",12.0063660880502,12.0063660880502,12.0063660880502,12.0063660880502
"2887",16.7419626662175,16.7419626662175,16.7419626662175,16.7419626662175
"2888",4.65552317742203,4.65552317742203,4.65552317742203,4.65552317742203
"2889",3.76123284938932,3.76123284938932,3.76123284938932,3.76123284938932
"2890",5.85682840271709,5.85682840271709,5.85682840271709,5.85682840271709
"2891",6.40470200986049,6.40470200986049,6.40470200986049,6.40470200986049
"2892",8.76269282403504,8.76269282403504,8.76269282403504,8.76269282403504
"2893",6.9943792733397,6.9943792733397,6.9943792733397,6.9943792733397
"2894",5.30458395396318,5.28401888193219,5.26453670955918,5.24607749532128
"2895",6.53609029672921,6.46525177730728,6.39507913311193,6.32556610498048
"2896",6.56226874907421,6.56226874907421,6.56226874907421,6.56226874907421
"2897",6.90494701058798,6.90494701058798,6.90494701058798,6.90494701058798
"2898",5.94988653030056,5.94988653030056,5.94988653030056,5.94988653030056
"2899",18.4177776093304,18.4177776093304,18.4177776093304,18.4177776093304
"2900",26.2795136221368,26.7007297013451,27.1284496716361,27.5627739579489
"2901",15.7448930938999,15.7448930938999,15.7448930938999,15.7448930938999
"2902",92.48060975213,92.4789878308144,92.4776903140224,92.476652313555
"2903",16.6080505195778,16.6080505195778,16.6080505195778,16.6080505195778
"2904",19.7404922292183,19.7404922292183,19.7404922292183,19.7404922292183
"2905",13.8286545318556,13.8286545318556,13.8286545318556,13.8286545318556
"2906",27.3829597609168,27.3829597609168,27.3829597609168,27.3829597609168
"2907",18.6155676171182,18.6155676171182,18.6155676171182,18.6155676171182
"2908",11.961536876523,11.2768920800394,10.6284110889608,10.0141836852761
"2909",12.4547898620123,11.7188807007639,11.0232220598999,10.3656124389138
"2910",39.5449411516842,39.5449411516842,39.5449411516842,39.5449411516842
"2911",23.9277822677945,23.9277822677945,23.9277822677945,23.9277822677945
"2912",23.2070179380042,23.2070179380042,23.2070179380042,23.2070179380042
"2913",19.2993882718588,19.2993882718588,19.2993882718588,19.2993882718588
"2914",16.2579748337,16.2579748337,16.2579748337,16.2579748337
"2915",32.6788890858415,32.6788890858415,32.6788890858415,32.6788890858415
"2916",26.3667168970043,26.3667168970043,26.3667168970043,26.3667168970043
"2917",11.6275928197706,11.6275928197706,11.6275928197706,11.6275928197706
"2918",14.6983338266433,14.6983338266433,14.6983338266433,14.6983338266433
"2919",7.50949605737446,7.50949605737446,7.50949605737446,7.50949605737446
"2920",13.3602853997917,13.3602853997917,13.3602853997917,13.3602853997917
"2921",9.50846444762416,9.50846444762416,9.50846444762416,9.50846444762416
"2922",40.6779928455933,41.2833517618925,41.8975033141256,42.5205752123906
"2923",19.1622236792002,19.1622236792002,19.1622236792002,19.1622236792002
"2924",32.2292154969471,32.7344445980412,33.247355386493,33.7680646574765
"2925",32.797565573339,33.2785329171399,33.7663448245026,34.2610986992343
"2926",16.3283931026289,16.3283931026289,16.3283931026289,16.3283931026289
"2927",26.805448374054,26.805448374054,26.805448374054,26.805448374054
"2928",6.402356355273,6.402356355273,6.402356355273,6.402356355273
"2929",8.21544281778898,8.21544281778898,8.21544281778898,8.21544281778898
"2930",6.06876698034509,6.06876698034509,6.06876698034509,6.06876698034509
"2931",8.63440423673687,8.63440423673687,8.63440423673687,8.63440423673687
"2932",9.45152167226634,9.45152167226634,9.45152167226634,9.45152167226634
"2933",9.30005276084512,9.30005276084512,9.30005276084512,9.30005276084512
"2934",3.97352852367563,3.97352852367563,3.97352852367563,3.97352852367563
"2935",24.0137749535624,23.6470188380512,23.3536096025904,23.1182837668837
"2936",9.76753780975777,9.76753780975777,9.76753780975777,9.76753780975777
"2937",251.826810187616,251.826810187616,251.826810187616,251.826810187616
"2938",748.677905298051,748.677905298051,748.677905298051,748.677905298051
"2939",41.3801430906897,41.3801430906897,41.3801430906897,41.3801430906897
"2940",12.1653791485202,12.1653791485202,12.1653791485202,12.1653791485202
"2941",10.0572103455696,10.0572103455696,10.0572103455696,10.0572103455696
"2942",5.67765106920784,5.67765106920784,5.67765106920784,5.67765106920784
"2943",7.17414074318203,7.17414074318203,7.17414074318203,7.17414074318203
"2944",17.2261386981024,17.2261386981024,17.2261386981024,17.2261386981024
"2945",29.2597624215759,29.2597624215759,29.2597624215759,29.2597624215759
"2946",12.57330124459,12.57330124459,12.57330124459,12.57330124459
"2947",6.548369831278,6.548369831278,6.548369831278,6.548369831278
"2948",6.05363234804032,6.05363234804032,6.05363234804032,6.05363234804032
"2949",7.91360648222692,7.91360648222692,7.91360648222692,7.91360648222692
"2950",21.2016786623077,21.2016786623077,21.2016786623077,21.2016786623077
"2951",14.7873558282466,14.7873558282466,14.7873558282466,14.7873558282466
"2952",17.9649228423171,17.9649228423171,17.9649228423171,17.9649228423171
"2953",6.32489961276822,6.32489961276822,6.32489961276822,6.32489961276822
"2954",9.77814329871839,9.77719531392149,9.77639229641482,9.7757120691314
"2955",14.5539131000698,14.5539131000698,14.5539131000698,14.5539131000698
"2956",6.90612207549929,6.90612207549929,6.90612207549929,6.90612207549929
"2957",10.7263113523446,10.7263113523446,10.7263113523446,10.7263113523446
"2958",10.4614960896306,10.4614960896306,10.4614960896306,10.4614960896306
"2959",4.30041896868298,4.30041896868298,4.30041896868298,4.30041896868298
"2960",13.9583808839158,13.9583808839158,13.9583808839158,13.9583808839158
"2961",5.84638517781888,5.84638517781888,5.84638517781888,5.84638517781888
"2962",14.4810786977184,14.4810786977184,14.4810786977184,14.4810786977184
"2963",11.8832151534882,11.8832151534882,11.8832151534882,11.8832151534882
"2964",12.2597198000847,12.2597198000847,12.2597198000847,12.2597198000847
"2965",8.7186960526729,8.7186960526729,8.7186960526729,8.7186960526729
"2966",63.2142780368002,63.2142780368002,63.2142780368002,63.2142780368002
"2967",7.43851784642981,7.43851784642981,7.43851784642981,7.43851784642981
"2968",8.57103594544992,8.57103594544992,8.57103594544992,8.57103594544992
"2969",9.60131083917602,9.60131083917602,9.60131083917602,9.60131083917602
"2970",5.78737130386426,5.78737130386426,5.78737130386426,5.78737130386426
"2971",4.84759882602269,4.84759882602269,4.84759882602269,4.84759882602269
"2972",6.64588013577631,6.64588013577631,6.64588013577631,6.64588013577631
"2973",4.01885278492384,4.01885278492384,4.01885278492384,4.01885278492384
"2974",15.8243839628415,15.8243839628415,15.8243839628415,15.8243839628415
"2975",6.07217160611709,6.07217160611709,6.07217160611709,6.07217160611709
"2976",24.5798299515806,24.5798299515806,24.5798299515806,24.5798299515806
"2977",26.0015231436228,26.0015231436228,26.0015231436228,26.0015231436228
"2978",16.9491190108535,17.1119036327708,17.27616458526,17.441915257497
"2979",24.7196168090482,24.7196168090482,24.7196168090482,24.7196168090482
"2980",19.4044080527604,19.4044080527604,19.4044080527604,19.4044080527604
"2981",13.7598358433851,13.7598358433851,13.7598358433851,13.7598358433851
"2982",30.7936658439927,30.7936658439927,30.7936658439927,30.7936658439927
"2983",53.4947347965676,52.7796533613867,52.0739552448116,51.3775173186731
"2984",248.10846674855,248.10846674855,248.10846674855,248.10846674855
"2985",595.963119696307,595.50179866787,595.040834138995,594.580225834188
"2986",132.915600475299,132.915600475299,132.915600475299,132.915600475299
"2987",8.78610524117603,8.78610524117603,8.78610524117603,8.78610524117603
"2988",2.60692658336833,2.60692658336833,2.60692658336833,2.60692658336833
"2989",5.06808262210937,5.06808262210937,5.06808262210937,5.06808262210937
"2990",6.5640892025414,6.5640892025414,6.5640892025414,6.5640892025414
"2991",5.50148671024036,5.50148671024036,5.50148671024036,5.50148671024036
"2992",7.39822310872511,7.39822310872511,7.39822310872511,7.39822310872511
"2993",7.7269667894195,7.7269667894195,7.7269667894195,7.7269667894195
"2994",5.12923216202076,5.12923216202076,5.12923216202076,5.12923216202076
"2995",12.5192781165535,12.5192781165535,12.5192781165535,12.5192781165535
"2996",10.9435797981015,10.9435797981015,10.9435797981015,10.9435797981015
"2997",8.6698591114993,8.6698591114993,8.6698591114993,8.6698591114993
"2998",6.22383068161208,6.22383068161208,6.22383068161208,6.22383068161208
"2999",5.28037088795172,5.28037088795172,5.28037088795172,5.28037088795172
"3000",10.2732149675295,10.2732149675295,10.2732149675295,10.2732149675295
"3001",9.40629559030224,9.40629559030224,9.40629559030224,9.40629559030224
"3002",5.40014766905931,5.40014766905931,5.40014766905931,5.40014766905931
"3003",9.78427297271499,9.78427297271499,9.78427297271499,9.78427297271499
"3004",10.167273807587,10.167273807587,10.167273807587,10.167273807587
"3005",9.28350716342214,9.28283679308013,9.28229627208378,9.28186044391475
"3006",4.43893677059677,4.43893677059677,4.43893677059677,4.43893677059677
"3007",7.52337933436323,7.52337933436323,7.52337933436323,7.52337933436323
"3008",3.30310518313399,3.30310518313399,3.30310518313399,3.30310518313399
"3009",19.6497121736756,19.8281153930335,20.0080599272731,20.1895590925868
"3010",6.76986057461689,6.6324654389551,6.49749987369838,6.36492091653712
"3011",7.87508038427635,7.87508038427635,7.87508038427635,7.87508038427635
"3012",13.9319581665053,13.9319581665053,13.9319581665053,13.9319581665053
"3013",8.15707690161261,8.15707690161261,8.15707690161261,8.15707690161261
"3014",12.8345392763473,12.8345392763473,12.8345392763473,12.8345392763473
"3015",28.1022991772865,27.8872782262133,27.6738459471937,27.4619906024
"3016",22.6924673275831,22.6924673275831,22.6924673275831,22.6924673275831
"3017",7.45377794521681,7.45377794521681,7.45377794521681,7.45377794521681
"3018",20.8989174489866,20.8989174489866,20.8989174489866,20.8989174489866
"3019",17.8234822954882,17.8234822954882,17.8234822954882,17.8234822954882
"3020",7.22235760663597,7.22235760663597,7.22235760663597,7.22235760663597
"3021",25.4525827482066,25.4525827482066,25.4525827482066,25.4525827482066
"3022",11.0271363137314,11.0271363137314,11.0271363137314,11.0271363137314
"3023",12.4878327941528,12.4878327941528,12.4878327941528,12.4878327941528
"3024",27.9932695895068,27.9932695895068,27.9932695895068,27.9932695895068
"3025",10.6933015011635,10.6933015011635,10.6933015011635,10.6933015011635
"3026",19.868978176285,20.2119795400294,20.5606184550968,20.9149875799672
"3027",8.175441815363,8.175441815363,8.175441815363,8.175441815363
"3028",9.66326939652557,9.66326939652557,9.66326939652557,9.66326939652557
"3029",5.32667355389629,5.32667355389629,5.32667355389629,5.32667355389629
"3030",5.31001436421438,5.31001436421438,5.31001436421438,5.31001436421438
"3031",20.5698103776038,20.5698103776038,20.5698103776038,20.5698103776038
"3032",6.52581430932297,6.52581430932297,6.52581430932297,6.52581430932297
"3033",6.00855667546106,6.00855667546106,6.00855667546106,6.00855667546106
"3034",6.56214026232001,6.56214026232001,6.56214026232001,6.56214026232001
"3035",3.14463076629815,3.14463076629815,3.14463076629815,3.14463076629815
"3036",10.9648730328167,11.0127192789942,11.0583427746548,11.1018382910168
"3037",7.90822093442575,7.90822093442575,7.90822093442575,7.90822093442575
"3038",4.94370442372732,4.94370442372732,4.94370442372732,4.94370442372732
"3039",3.70197383477428,3.70197383477428,3.70197383477428,3.70197383477428
"3040",10.4197922072179,10.4197922072179,10.4197922072179,10.4197922072179
"3041",3.496573851518,3.45330405084596,3.41045062844592,3.36800957757731
"3042",2.52781492469686,2.45986194622844,2.39321788202602,2.32785751970606
"3043",3.56473654526401,3.56473654526401,3.56473654526401,3.56473654526401
"3044",6.08073195348797,6.15915689923752,6.23845046593702,6.31862227427983
"3045",6.84609635774599,6.77450157495196,6.70356008682698,6.63326593212766
"3046",7.83493077068705,7.74335821092431,7.65273478522037,7.56305065596159
"3047",5.20654257277073,4.95474943515929,4.71317128977659,4.48139372474778
"3048",8.44182965411314,8.44182965411314,8.44182965411314,8.44182965411314
"3049",4.99261693377772,4.99261693377772,4.99261693377772,4.99261693377772
"3050",13.1807910270676,13.1807910270676,13.1807910270676,13.1807910270676
"3051",8.55133317742321,8.55133317742321,8.55133317742321,8.55133317742321
"3052",7.9922346671847,7.9922346671847,7.9922346671847,7.9922346671847
"3053",13.6671633101537,13.6671633101537,13.6671633101537,13.6671633101537
"3054",12.3034446819888,12.3034446819888,12.3034446819888,12.3034446819888
"3055",9.75604155664621,9.75604155664621,9.75604155664621,9.75604155664621
"3056",48.2193307282005,48.2193307282005,48.2193307282005,48.2193307282005
"3057",33.9780213461082,33.9780213461082,33.9780213461082,33.9780213461082
"3058",27.8335882665172,27.8335882665172,27.8335882665172,27.8335882665172
"3059",57.2985866771769,57.2985866771769,57.2985866771769,57.2985866771769
"3060",8.57823593928564,8.57823593928564,8.57823593928564,8.57823593928564
"3061",13.8784024827157,13.8784024827157,13.8784024827157,13.8784024827157
"3062",38.1648248520508,38.1648248520508,38.1648248520508,38.1648248520508
"3063",27.4802353637292,27.4802353637292,27.4802353637292,27.4802353637292
"3064",28.2746133607272,28.2746133607272,28.2746133607272,28.2746133607272
"3065",30.1180803874961,30.1180803874961,30.1180803874961,30.1180803874961
"3066",19.3551262154552,19.3551262154552,19.3551262154552,19.3551262154552
"3067",15.0318973246233,15.0318973246233,15.0318973246233,15.0318973246233
"3068",23.5745178571506,23.5745178571506,23.5745178571506,23.5745178571506
"3069",31.5946268427234,31.5946268427234,31.5946268427234,31.5946268427234
"3070",29.6545334640864,29.6545334640864,29.6545334640864,29.6545334640864
"3071",14.1303564440811,14.1303564440811,14.1303564440811,14.1303564440811
"3072",5.42385176485042,5.42385176485042,5.42385176485042,5.42385176485042
"3073",36.7465209188176,36.7465209188176,36.7465209188176,36.7465209188176
"3074",16.9025382846109,16.9025382846109,16.9025382846109,16.9025382846109
"3075",44.0062712340555,44.0062712340555,44.0062712340555,44.0062712340555
"3076",20.1046343568447,20.331155703479,20.5601083606783,20.7915184243101
"3077",35.5414411632366,35.5414411632366,35.5414411632366,35.5414411632366
"3078",34.9962969308119,34.9962969308119,34.9962969308119,34.9962969308119
"3079",49.1610915672832,49.1610915672832,49.1610915672832,49.1610915672832
"3080",31.4096298248168,31.8065130089677,32.2082563616153,32.6149193996117
"3081",26.5416795787478,26.5416795787478,26.5416795787478,26.5416795787478
"3082",24.0143878680134,24.0143878680134,24.0143878680134,24.0143878680134
"3083",25.1967794060355,25.1967794060355,25.1967794060355,25.1967794060355
"3084",28.9609863735522,28.9609863735522,28.9609863735522,28.9609863735522
"3085",27.2020842461216,27.2020842461216,27.2020842461216,27.2020842461216
"3086",8.52874244191769,8.52874244191769,8.52874244191769,8.52874244191769
"3087",4.82539291648698,4.82539291648698,4.82539291648698,4.82539291648698
"3088",3.80747261575395,3.80747261575395,3.80747261575395,3.80747261575395
"3089",7.02585434708742,7.02585434708742,7.02585434708742,7.02585434708742
"3090",7.24495087131301,7.24495087131301,7.24495087131301,7.24495087131301
"3091",8.413974093086,8.413974093086,8.413974093086,8.413974093086
"3092",20.4086820878738,20.7024113796453,21.0001706671208,21.3020152422507
"3093",46.3310077015176,46.3310077015176,46.3310077015176,46.3310077015176
"3094",38.7791937347056,38.7791937347056,38.7791937347056,38.7791937347056
"3095",37.4693495241424,37.4693495241424,37.4693495241424,37.4693495241424
"3096",38.7541086467689,38.7541086467689,38.7541086467689,38.7541086467689
"3097",36.5496184117585,36.5496184117585,36.5496184117585,36.5496184117585
"3098",28.9060263055161,28.9060263055161,28.9060263055161,28.9060263055161
"3099",27.5059796840357,27.5059796840357,27.5059796840357,27.5059796840357
"3100",22.3977155203928,22.3977155203928,22.3977155203928,22.3977155203928
"3101",24.3309668953763,24.3309668953763,24.3309668953763,24.3309668953763
"3102",51.1978294404893,51.1978294404893,51.1978294404893,51.1978294404893
"3103",29.8351680552601,29.8351680552601,29.8351680552601,29.8351680552601
"3104",17.0297499908152,17.0297499908152,17.0297499908152,17.0297499908152
"3105",30.9638002950714,30.9638002950714,30.9638002950714,30.9638002950714
"3106",6.88326641265037,6.91019492239058,6.93558534020315,6.95952074979368
"3107",9.34737425860079,9.34737425860079,9.34737425860079,9.34737425860079
"3108",5.94416700059677,5.94416700059677,5.94416700059677,5.94416700059677
"3109",13.9406678842672,13.9406678842672,13.9406678842672,13.9406678842672
"3110",7.00907153936987,7.00907153936987,7.00907153936987,7.00907153936987
"3111",4.37013530851569,4.37013530851569,4.37013530851569,4.37013530851569
"3112",19.5222037905672,19.5222037905672,19.5222037905672,19.5222037905672
"3113",9.01185465956654,9.01185465956654,9.01185465956654,9.01185465956654
"3114",9.52459232600504,9.63634965870847,9.74929370734599,9.8634370732805
"3115",2.52179664602886,2.52395192979139,2.52592721060142,2.52773743259736
"3116",5.64390531734437,5.64390531734437,5.64390531734437,5.64390531734437
"3117",6.47037677349799,6.47037677349799,6.47037677349799,6.47037677349799
"3118",2.8839619271797,2.8839619271797,2.8839619271797,2.8839619271797
"3119",3.62823240740814,3.62823240740814,3.62823240740814,3.62823240740814
"3120",3.99898489029596,3.99898489029596,3.99898489029596,3.99898489029596
"3121",9.17006626064154,9.17006626064154,9.17006626064154,9.17006626064154
"3122",7.94664124358659,7.94664124358659,7.94664124358659,7.94664124358659
"3123",12.7893994830695,12.7893994830695,12.7893994830695,12.7893994830695
"3124",8.09029315124574,8.09029315124574,8.09029315124574,8.09029315124574
"3125",4.38153219333506,4.38153219333506,4.38153219333506,4.38153219333506
"3126",15.4632512572766,15.4632512572766,15.4632512572766,15.4632512572766
"3127",7.5005360366087,7.47465329736904,7.45015185015003,7.42695449382039
"3128",20.4409612006204,20.4409612006204,20.4409612006204,20.4409612006204
"3129",11.9462717791406,11.9462717791406,11.9462717791406,11.9462717791406
"3130",5.02346252305789,5.02346252305789,5.02346252305789,5.02346252305789
"3131",6.59854551627088,6.59854551627088,6.59854551627088,6.59854551627088
"3132",6.45338444598139,6.45338444598139,6.45338444598139,6.45338444598139
"3133",10.6059407417327,10.6059407417327,10.6059407417327,10.6059407417327
"3134",5.81795114495134,5.81795114495134,5.81795114495134,5.81795114495134
"3135",5.38725401693607,5.38725401693607,5.38725401693607,5.38725401693607
"3136",45.2877571475795,45.2877571475795,45.2877571475795,45.2877571475795
"3137",8.7175331813088,8.87450000062525,9.03400229699195,9.19608102584076
"3138",4.49410022046401,4.49410022046401,4.49410022046401,4.49410022046401
"3139",6.69568917598264,6.82881967880382,6.96425325421227,7.10202974389139
"3140",2.20326144435355,2.20326144435355,2.20326144435355,2.20326144435355
"3141",12.7842141578225,12.7842141578225,12.7842141578225,12.7842141578225
"3142",7.96903543695025,7.96903543695025,7.96903543695025,7.96903543695025
"3143",11.241116636971,11.241116636971,11.241116636971,11.241116636971
"3144",11.6869316177289,11.6869316177289,11.6869316177289,11.6869316177289
"3145",8.56641401756317,8.69936791293033,8.83416959977514,8.97084475867908
"3146",10.3829837997927,10.5246686641212,10.6681170907224,10.8133510307899
"3147",10.7352268703971,10.7352268703971,10.7352268703971,10.7352268703971
"3148",12.7184649100141,12.7184649100141,12.7184649100141,12.7184649100141
"3149",6.828553304177,6.828553304177,6.828553304177,6.828553304177
"3150",3.92639172878136,3.92639172878136,3.92639172878136,3.92639172878136
"3151",4.40943851730405,4.40943851730405,4.40943851730405,4.40943851730405
"3152",8.30986824864597,8.30986824864597,8.30986824864597,8.30986824864597
"3153",5.93901306794738,5.93901306794738,5.93901306794738,5.93901306794738
"3154",4.3616349697152,4.25819538380993,4.15675141080869,4.05726455025899
"3155",8.04505154807471,8.04505154807471,8.04505154807471,8.04505154807471
"3156",7.52037408389057,7.52037408389057,7.52037408389057,7.52037408389057
"3157",8.2496733736061,8.28104442217994,8.31100640188457,8.33961805796009
"3158",44.536790129199,44.536790129199,44.536790129199,44.536790129199
"3159",26.324562997472,26.324562997472,26.324562997472,26.324562997472
"3160",45.6268702033621,45.6268702033621,45.6268702033621,45.6268702033621
"3161",27.5259507216796,27.5259507216796,27.5259507216796,27.5259507216796
"3162",34.8069351292522,34.2938841210619,33.8582623448364,33.4876909346368
"3163",45.4033312755393,45.4033312755393,45.4033312755393,45.4033312755393
"3164",39.6001196743549,39.6001196743549,39.6001196743549,39.6001196743549
"3165",48.5518833873085,48.5513597415988,48.5509408290061,48.5506057014744
"3166",33.9023608284362,33.6722129957416,33.4435827688374,33.2164601405588
"3167",39.025495286942,39.025495286942,39.025495286942,39.025495286942
"3168",42.3163178518114,42.3163178518114,42.3163178518114,42.3163178518114
"3169",47.0910638637183,47.9676705934459,48.8602561620027,49.7691118325991
"3170",22.8223891081174,22.8223891081174,22.8223891081174,22.8223891081174
"3171",13.3211953878746,13.3211953878746,13.3211953878746,13.3211953878746
"3172",31.9123515676877,32.3731683155425,32.8404371114883,33.31424829279
"3173",72.6072540433731,72.6072540433731,72.6072540433731,72.6072540433731
"3174",144.551720424393,144.551720424393,144.551720424393,144.551720424393
"3175",127.162216940712,127.162216940712,127.162216940712,127.162216940712
"3176",23.5935575464434,24.0051316869424,24.423593536664,24.8490583616894
"3177",63.1350340576952,63.1350340576952,63.1350340576952,63.1350340576952
"3178",113.126608515233,113.126608515233,113.126608515233,113.126608515233
"3179",46.5914523120918,46.5914523120918,46.5914523120918,46.5914523120918
"3180",65.4375001195807,66.5070758070473,67.593870567314,68.6981616098122
"3181",33.0307393522297,33.0307393522297,33.0307393522297,33.0307393522297
"3182",352.469270001641,370.887676679149,390.26582083125,410.653711996571
"3183",182.986538892991,182.986538892991,182.986538892991,182.986538892991
"3184",44.1518355204053,44.1518355204053,44.1518355204053,44.1518355204053
"3185",63.3104707976657,63.3104707976657,63.3104707976657,63.3104707976657
"3186",50.1336672673448,50.1336672673448,50.1336672673448,50.1336672673448
"3187",19.8549719327089,19.8549719327089,19.8549719327089,19.8549719327089
"3188",26.5938582783452,26.5938582783452,26.5938582783452,26.5938582783452
"3189",215.42053570469,226.024096277804,237.147180085908,248.815241257344
"3190",31.1484601996167,31.1484601996167,31.1484601996167,31.1484601996167
"3191",19.130755676888,18.9050247296727,18.6818249572105,18.4611279768374
"3192",16.0122821154296,16.0122821154296,16.0122821154296,16.0122821154296
"3193",29.2056949579491,29.2056949579491,29.2056949579491,29.2056949579491
"3194",8.2732419299198,8.2732419299198,8.2732419299198,8.2732419299198
"3195",23.9327634066957,23.9327634066957,23.9327634066957,23.9327634066957
"3196",9.71266639886003,9.71266639886003,9.71266639886003,9.71266639886003
"3197",8.4483040766564,8.4483040766564,8.4483040766564,8.4483040766564
"3198",7.25553843331883,7.25553843331883,7.25553843331883,7.25553843331883
"3199",8.25640864819931,8.25640864819931,8.25640864819931,8.25640864819931
"3200",24.7999025899549,24.7999025899549,24.7999025899549,24.7999025899549
"3201",10.2727291766515,10.2727291766515,10.2727291766515,10.2727291766515
"3202",29.4696134913525,29.4696134913525,29.4696134913525,29.4696134913525
"3203",17.1103241705188,17.1103241705188,17.1103241705188,17.1103241705188
"3204",25.8447560099664,25.8447560099664,25.8447560099664,25.8447560099664
"3205",3.83132495292279,3.83132495292279,3.83132495292279,3.83132495292279
"3206",17.3970473869088,17.3970473869088,17.3970473869088,17.3970473869088
"3207",6.85422486200772,6.85422486200772,6.85422486200772,6.85422486200772
"3208",8.14034507078118,8.14034507078118,8.14034507078118,8.14034507078118
"3209",6.75642956497168,6.75804367852566,6.75946581844295,6.76071878779003
"3210",17.5416474262494,17.5416474262494,17.5416474262494,17.5416474262494
"3211",3.22658871884448,3.22658871884448,3.22658871884448,3.22658871884448
"3212",3.52490981653379,3.52490981653379,3.52490981653379,3.52490981653379
"3213",6.09156401643165,6.09156401643165,6.09156401643165,6.09156401643165
"3214",5.97397047310956,5.97397047310956,5.97397047310956,5.97397047310956
"3215",57.9762712356914,57.9762712356914,57.9762712356914,57.9762712356914
"3216",7.30492518698066,7.30492518698066,7.30492518698066,7.30492518698066
"3217",3.32084474308863,3.32084474308863,3.32084474308863,3.32084474308863
"3218",6.91088448567538,6.81265398159672,6.71564321874283,6.61983705142481
"3219",4.43328859270135,4.43328859270135,4.43328859270135,4.43328859270135
"3220",23.8621672594187,23.8766219512889,23.8896108880162,23.9012820461484
"3221",5.21501207654176,5.21501207654176,5.21501207654176,5.21501207654176
"3222",8.29136489298059,8.29136489298059,8.29136489298059,8.29136489298059
"3223",6.77956967083502,6.77956967083502,6.77956967083502,6.77956967083502
"3224",29.454879528946,29.454879528946,29.454879528946,29.454879528946
"3225",8.31266569758026,8.31266569758026,8.31266569758026,8.31266569758026
"3226",10.4866437419051,10.4866437419051,10.4866437419051,10.4866437419051
"3227",11.4267464568557,11.4267464568557,11.4267464568557,11.4267464568557
"3228",27.3989172766971,28.0734007448557,28.7639034134785,29.4708057437562
"3229",15.1926020224768,15.1926020224768,15.1926020224768,15.1926020224768
"3230",13.3378382079988,13.3378382079988,13.3378382079988,13.3378382079988
"3231",13.7184716658263,13.7184716658263,13.7184716658263,13.7184716658263
"3232",9.46802501224905,9.46802501224905,9.46802501224905,9.46802501224905
"3233",10.9538982128581,10.9538982128581,10.9538982128581,10.9538982128581
"3234",10.6464712219682,10.6464712219682,10.6464712219682,10.6464712219682
"3235",7.70598248940277,7.70598248940277,7.70598248940277,7.70598248940277
"3236",8.97794240168652,8.97794240168652,8.97794240168652,8.97794240168652
"3237",9.63297163471585,9.63297163471585,9.63297163471585,9.63297163471585
"3238",11.1449064570229,11.1449064570229,11.1449064570229,11.1449064570229
"3239",5.73822820243593,5.73822820243593,5.73822820243593,5.73822820243593
"3240",6.39441475029653,6.39441475029653,6.39441475029653,6.39441475029653
"3241",11.3147599446086,11.3147599446086,11.3147599446086,11.3147599446086
"3242",6.11320108740221,6.11320108740221,6.11320108740221,6.11320108740221
"3243",8.01945662773994,8.01957076517365,8.01966764249467,8.01974986966956
"3244",7.74340551612475,7.74318143589285,7.74299822965964,7.7428484410496
"3245",6.54970715674707,6.54970715674707,6.54970715674707,6.54970715674707
"3246",13.9223453212027,14.1385328275845,14.3578523508784,14.5803492661856
"3247",8.28903802295507,8.28903802295507,8.28903802295507,8.28903802295507
"3248",6.73354146608396,6.73354146608396,6.73354146608396,6.73354146608396
"3249",3.02865319150242,3.02865319150242,3.02865319150242,3.02865319150242
"3250",7.68352718180774,7.68352718180774,7.68352718180774,7.68352718180774
"3251",2.93457504115568,2.93457504115568,2.93457504115568,2.93457504115568
"3252",6.37766463678483,6.37766463678483,6.37766463678483,6.37766463678483
"3253",7.47805634747749,7.47805634747749,7.47805634747749,7.47805634747749
"3254",13.3960992111055,13.3960992111055,13.3960992111055,13.3960992111055
"3255",9.14262614017492,9.14262614017492,9.14262614017492,9.14262614017492
"3256",10.7053637935855,10.7053637935855,10.7053637935855,10.7053637935855
"3257",12.4410371651628,12.4410371651628,12.4410371651628,12.4410371651628
"3258",3.91010100710488,3.91010100710488,3.91010100710488,3.91010100710488
"3259",5.89758570216957,5.89758570216957,5.89758570216957,5.89758570216957
"3260",9.73239600989719,9.73239600989719,9.73239600989719,9.73239600989719
"3261",1.96113526581524,1.96113526581524,1.96113526581524,1.96113526581524
"3262",7.43075292347803,7.43075292347803,7.43075292347803,7.43075292347803
"3263",14.2014723305125,14.2014723305125,14.2014723305125,14.2014723305125
"3264",17.0531285471369,17.0531285471369,17.0531285471369,17.0531285471369
"3265",22.547781378744,22.547781378744,22.547781378744,22.547781378744
"3266",30.4952507000289,30.8782625149303,31.2659321130561,31.6583161374226
"3267",16.1024336347323,16.1024336347323,16.1024336347323,16.1024336347323
"3268",28.1819967842758,28.4757919950473,28.7725450440542,29.072285709886
"3269",21.0195831826097,21.0195831826097,21.0195831826097,21.0195831826097
"3270",28.7825320459162,28.7825320459162,28.7825320459162,28.7825320459162
"3271",17.449942664754,17.449942664754,17.449942664754,17.449942664754
"3272",29.3464605154623,29.3464605154623,29.3464605154623,29.3464605154623
"3273",24.210860376365,24.210860376365,24.210860376365,24.210860376365
"3274",40.2163916243613,40.2163916243613,40.2163916243613,40.2163916243613
"3275",19.7302455133399,19.7302455133399,19.7302455133399,19.7302455133399
"3276",42.5253242762165,42.5253242762165,42.5253242762165,42.5253242762165
"3277",23.4654327395859,23.4654327395859,23.4654327395859,23.4654327395859
"3278",7.47823789360086,7.47823789360086,7.47823789360086,7.47823789360086
"3279",5.63520892527359,5.63520892527359,5.63520892527359,5.63520892527359
"3280",30.9370676384582,30.9370676384582,30.9370676384582,30.9370676384582
"3281",34.1414486519799,34.5752655348809,35.0144378341096,35.4590316616251
"3282",32.3375906736947,32.3375906736947,32.3375906736947,32.3375906736947
"3283",12.0272702487021,12.0272702487021,12.0272702487021,12.0272702487021
"3284",14.7699870422506,14.7699870422506,14.7699870422506,14.7699870422506
"3285",15.2849782072666,15.2849782072666,15.2849782072666,15.2849782072666
"3286",13.208517835172,13.208517835172,13.208517835172,13.208517835172
"3287",4.47667329130337,4.47667329130337,4.47667329130337,4.47667329130337
"3288",7.92730475087607,7.92730475087607,7.92730475087607,7.92730475087607
"3289",29.2782600465855,29.2782600465855,29.2782600465855,29.2782600465855
"3290",165.592112891537,165.593301608079,165.594280203649,165.595085818912
"3291",168.837917533693,168.837917533693,168.837917533693,168.837917533693
"3292",360.426065823834,360.112764528975,359.816864885676,359.537387451028
"3293",425.311184055366,425.311184055366,425.311184055366,425.311184055366
"3294",345.045375722573,345.045375722573,345.045375722573,345.045375722573
"3295",113.875614049095,113.875614049095,113.875614049095,113.875614049095
"3296",150.438788464619,150.438788464619,150.438788464619,150.438788464619
"3297",45.4106915258845,45.4106915258845,45.4106915258845,45.4106915258845
"3298",59.3026661873326,59.3026661873326,59.3026661873326,59.3026661873326
"3299",74.0622575051185,74.0622575051185,74.0622575051185,74.0622575051185
"3300",16.8455349804864,16.8455349804864,16.8455349804864,16.8455349804864
"3301",13.7474210706732,13.7474210706732,13.7474210706732,13.7474210706732
"3302",9.05095591170291,9.05095591170291,9.05095591170291,9.05095591170291
"3303",9.6593173524267,9.6593173524267,9.6593173524267,9.6593173524267
"3304",27.220374497763,27.220374497763,27.220374497763,27.220374497763
"3305",19.5143720538019,19.5143720538019,19.5143720538019,19.5143720538019
"3306",32.2071981438643,32.2071981438643,32.2071981438643,32.2071981438643
"3307",28.2479022913812,28.2479022913812,28.2479022913812,28.2479022913812
"3308",7.42117497280891,7.42117497280891,7.42117497280891,7.42117497280891
"3309",13.2445630725328,13.2445630725328,13.2445630725328,13.2445630725328
"3310",6.19361053161022,6.19361053161022,6.19361053161022,6.19361053161022
"3311",3.23507464935529,3.23395898191369,3.23298688456807,3.23213985511669
"3312",6.74901418191431,6.66864492592378,6.58910922335782,6.51039842897888
"3313",12.7577664627109,12.7577664627109,12.7577664627109,12.7577664627109
"3314",5.81962073875602,5.81962073875602,5.81962073875602,5.81962073875602
"3315",9.69536089274901,9.69536089274901,9.69536089274901,9.69536089274901
"3316",18.0486799525522,18.0486799525522,18.0486799525522,18.0486799525522
"3317",22.9367118840122,22.9367118840122,22.9367118840122,22.9367118840122
"3318",14.42488034905,14.42488034905,14.42488034905,14.42488034905
"3319",6.76548574583175,6.76548574583175,6.76548574583175,6.76548574583175
"3320",2.08462157103088,2.08462157103088,2.08462157103088,2.08462157103088
"3321",29.2696443742164,29.2696443742164,29.2696443742164,29.2696443742164
"3322",9.17877329160689,9.17877329160689,9.17877329160689,9.17877329160689
"3323",22.5950311858331,22.5950311858331,22.5950311858331,22.5950311858331
"3324",14.6061682538673,14.6061682538673,14.6061682538673,14.6061682538673
"3325",16.5671583417055,16.5671583417055,16.5671583417055,16.5671583417055
"3326",16.9712632729028,16.9712632729028,16.9712632729028,16.9712632729028
"3327",3.91690541300476,3.91690541300476,3.91690541300476,3.91690541300476
"3328",297.247460318151,297.247460318151,297.247460318151,297.247460318151
"3329",16.8659711909692,17.1423132501042,17.4229296323549,17.7078864508499
"3330",5.10314940981087,5.10314940981087,5.10314940981087,5.10314940981087
"3331",12.8806518886135,12.8806518886135,12.8806518886135,12.8806518886135
"3332",6.21475443516954,6.21475443516954,6.21475443516954,6.21475443516954
"3333",29.2374301644855,29.2374301644855,29.2374301644855,29.2374301644855
"3334",27.0305099518904,27.0305099518904,27.0305099518904,27.0305099518904
"3335",29.970352730098,29.970352730098,29.970352730098,29.970352730098
"3336",15.5903627356529,15.5903627356529,15.5903627356529,15.5903627356529
"3337",27.5877191550658,27.5877191550658,27.5877191550658,27.5877191550658
"3338",22.7516507946459,22.7516507946459,22.7516507946459,22.7516507946459
"3339",8.80212877844119,8.80212877844119,8.80212877844119,8.80212877844119
"3340",12.3799974896291,12.3799974896291,12.3799974896291,12.3799974896291
"3341",12.7409763335496,12.7409763335496,12.7409763335496,12.7409763335496
"3342",19.1691290281068,19.1432758452358,19.1202329334548,19.0996921303322
"3343",6.4203987525815,6.4203987525815,6.4203987525815,6.4203987525815
"3344",18.2380556871335,18.2380556871335,18.2380556871335,18.2380556871335
"3345",53.4588028000067,53.4588028000067,53.4588028000067,53.4588028000067
"3346",63.8287329796837,63.8287329796837,63.8287329796837,63.8287329796837
"3347",7.20996937185119,7.20996937185119,7.20996937185119,7.20996937185119
"3348",55.1111518562003,55.282893963029,55.4434220860316,55.5934383086574
"3349",50.7396463816471,50.7396463816471,50.7396463816471,50.7396463816471
"3350",42.7863857445563,42.7863857445563,42.7863857445563,42.7863857445563
"3351",31.690226932792,31.690226932792,31.690226932792,31.690226932792
"3352",65.7170082933558,65.7170082933558,65.7170082933558,65.7170082933558
"3353",72.0026125182803,72.0026125182803,72.0026125182803,72.0026125182803
"3354",36.9365192541785,36.9365192541785,36.9365192541785,36.9365192541785
"3355",8.44181674477085,8.44181674477085,8.44181674477085,8.44181674477085
"3356",41.8277727452613,41.8277727452613,41.8277727452613,41.8277727452613
"3357",56.733904334823,56.733904334823,56.733904334823,56.733904334823
"3358",51.8918381654684,51.8918381654684,51.8918381654684,51.8918381654684
"3359",56.1758376819826,56.1758376819826,56.1758376819826,56.1758376819826
"3360",7.30418758013356,7.30418758013356,7.30418758013356,7.30418758013356
"3361",34.0162386622652,34.3721738293968,34.731727027706,35.0949350339735
"3362",57.626683235035,57.626683235035,57.626683235035,57.626683235035
"3363",17.776213981089,17.776213981089,17.776213981089,17.776213981089
"3364",9.40631221872991,9.40631221872991,9.40631221872991,9.40631221872991
"3365",40.3600120584524,40.3600120584524,40.3600120584524,40.3600120584524
"3366",14.7561165862719,14.7561165862719,14.7561165862719,14.7561165862719
"3367",6.29658951216492,6.29658951216492,6.29658951216492,6.29658951216492
"3368",4.18323401602446,4.18323401602446,4.18323401602446,4.18323401602446
"3369",8.99747612500739,8.99747612500739,8.99747612500739,8.99747612500739
"3370",9.73563395788271,9.73563395788271,9.73563395788271,9.73563395788271
"3371",31.4193653364174,31.4193653364174,31.4193653364174,31.4193653364174
"3372",41.7618413550815,41.7618413550815,41.7618413550815,41.7618413550815
"3373",130.305486753175,130.305486753175,130.305486753175,130.305486753175
"3374",132.837320936307,132.837320936307,132.837320936307,132.837320936307
"3375",145.570478766352,145.570478766352,145.570478766352,145.570478766352
"3376",23.7220978885476,23.7220978885476,23.7220978885476,23.7220978885476
"3377",98.2116448038943,98.2116448038943,98.2116448038943,98.2116448038943
"3378",297.140246742051,297.140246742051,297.140246742051,297.140246742051
"3379",47.7797249972921,47.7850381730676,47.7897003788387,47.7937913201327
"3380",51.8183206544924,51.8183206544924,51.8183206544924,51.8183206544924
"3381",57.1353535301871,57.1353535301871,57.1353535301871,57.1353535301871
"3382",224.488079384997,224.488079384997,224.488079384997,224.488079384997
"3383",317.977274334447,317.977274334447,317.977274334447,317.977274334447
"3384",33.7491247381352,33.7491247381352,33.7491247381352,33.7491247381352
"3385",12.9331818687076,12.9331818687076,12.9331818687076,12.9331818687076
"3386",56.4834029415766,56.4834029415766,56.4834029415766,56.4834029415766
"3387",21.1974605725573,21.1974605725573,21.1974605725573,21.1974605725573
"3388",39.2307404819972,39.2307404819972,39.2307404819972,39.2307404819972
"3389",6.31810452807404,6.31810452807404,6.31810452807404,6.31810452807404
"3390",3.46440781130683,3.46440781130683,3.46440781130683,3.46440781130683
"3391",4.98832540064073,4.94408870524777,4.90679763332678,4.87532904641374
"3392",12.3976846482158,12.3976846482158,12.3976846482158,12.3976846482158
"3393",6.11870680544062,6.11870680544062,6.11870680544062,6.11870680544062
"3394",8.71891760721561,8.85696641338355,8.99697608326643,9.13897446923483
"3395",7.84705040686462,7.84705040686462,7.84705040686462,7.84705040686462
"3396",3.8207535796344,3.8207535796344,3.8207535796344,3.8207535796344
"3397",22.5972607698245,22.5972607698245,22.5972607698245,22.5972607698245
"3398",15.5549238406564,15.5549238406564,15.5549238406564,15.5549238406564
"3399",16.3419380676225,16.3419380676225,16.3419380676225,16.3419380676225
"3400",9.01728912695494,9.01728912695494,9.01728912695494,9.01728912695494
"3401",14.118488817435,14.118488817435,14.118488817435,14.118488817435
"3402",2.75315922903123,2.75315922903123,2.75315922903123,2.75315922903123
"3403",5.33694490015973,5.22692110220455,5.11880756799747,5.01257113100856
"3404",15.5624894657505,15.5624894657505,15.5624894657505,15.5624894657505
"3405",8.19284550881793,8.3049367238176,8.41839470174916,8.53323610797673
"3406",10.449190760176,10.449190760176,10.449190760176,10.449190760176
"3407",6.88593837505811,6.88593837505811,6.88593837505811,6.88593837505811
"3408",22.942374673711,22.6464427213515,22.3541685398532,22.0655069185262
"3409",16.5927120599141,16.5927120599141,16.5927120599141,16.5927120599141
"3410",31.3083526985485,31.3083526985485,31.3083526985485,31.3083526985485
"3411",30.9935378658793,30.9935378658793,30.9935378658793,30.9935378658793
"3412",8.1982171148275,8.1982171148275,8.1982171148275,8.1982171148275
"3413",39.5069574804571,39.5069574804571,39.5069574804571,39.5069574804571
"3414",49.0851419417041,49.0851419417041,49.0851419417041,49.0851419417041
"3415",11.7975555657958,11.7975555657958,11.7975555657958,11.7975555657958
"3416",7.33434832465019,7.33434832465019,7.33434832465019,7.33434832465019
"3417",7.01461367958243,7.01461367958243,7.01461367958243,7.01461367958243
"3418",6.39036909597056,6.33323485205501,6.27654230757089,6.22028804778172
"3419",10.515050005924,10.515050005924,10.515050005924,10.515050005924
"3420",9.38725458285523,9.38725458285523,9.38725458285523,9.38725458285523
"3421",10.9972417521149,10.9972417521149,10.9972417521149,10.9972417521149
"3422",9.81717808464616,9.81717808464616,9.81717808464616,9.81717808464616
"3423",28.367207082722,28.367207082722,28.367207082722,28.367207082722
"3424",18.9460814602768,19.1691279642229,19.3946686795269,19.6227314976382
"3425",9.72642190625589,9.72642190625589,9.72642190625589,9.72642190625589
"3426",15.2715786737211,15.2715786737211,15.2715786737211,15.2715786737211
"3427",11.3200547687509,11.499860900809,11.6822912294095,11.8673840536215
"3428",6.16429380061326,6.16429380061326,6.16429380061326,6.16429380061326
"3429",8.00174328938096,8.00174328938096,8.00174328938096,8.00174328938096
"3430",5.3090866325575,5.3041108762356,5.29950354929906,5.29523713361503
"3431",6.37743595802552,6.37743595802552,6.37743595802552,6.37743595802552
"3432",4.27469307410724,4.23480435043335,4.19521727659083,4.15592957141818
"3433",9.96453254497212,9.96453254497212,9.96453254497212,9.96453254497212
"3434",4.25445674743427,4.25445674743427,4.25445674743427,4.25445674743427
"3435",27.2186420834353,27.2193213684265,27.2198674331799,27.2203064027569
"3436",45.8534930286582,45.8534930286582,45.8534930286582,45.8534930286582
"3437",3.13615455871417,3.13615455871417,3.13615455871417,3.13615455871417
"3438",33.1604759197352,33.1604759197352,33.1604759197352,33.1604759197352
"3439",24.8160205346287,24.8160205346287,24.8160205346287,24.8160205346287
"3440",3.51808915513516,3.51808915513516,3.51808915513516,3.51808915513516
"3441",9.39621565795491,9.39621565795491,9.39621565795491,9.39621565795491
"3442",31.6585183796805,31.6585183796805,31.6585183796805,31.6585183796805
"3443",8.31890099096685,8.31890099096685,8.31890099096685,8.31890099096685
"3444",7.94391589182019,7.94391589182019,7.94391589182019,7.94391589182019
"3445",10.377797596489,10.377797596489,10.377797596489,10.377797596489
"3446",3.18224932407298,3.10356506410842,3.02636115892102,2.95060975732089
"3447",44.6163910364793,44.6163910364793,44.6163910364793,44.6163910364793
"3448",7.75727327158521,7.75727327158521,7.75727327158521,7.75727327158521
"3449",7.14442223877218,7.14442223877218,7.14442223877218,7.14442223877218
"3450",9.09200766072292,9.01125995760117,8.93115832925251,8.85169760633346
"3451",29.271434976928,29.271434976928,29.271434976928,29.271434976928
"3452",24.8998905693991,24.8998905693991,24.8998905693991,24.8998905693991
"3453",4.57292854622323,4.57292854622323,4.57292854622323,4.57292854622323
"3454",9.99166078106207,9.99166078106207,9.99166078106207,9.99166078106207
"3455",3.99249499510827,3.99249499510827,3.99249499510827,3.99249499510827
"3456",3.97730766825794,3.97730766825794,3.97730766825794,3.97730766825794
"3457",5.55640319535568,5.55640319535568,5.55640319535568,5.55640319535568
"3458",6.97165783400308,6.97165783400308,6.97165783400308,6.97165783400308
"3459",5.86940573896474,5.86940573896474,5.86940573896474,5.86940573896474
"3460",8.1229425752448,8.1229425752448,8.1229425752448,8.1229425752448
"3461",14.7290201622046,14.7290201622046,14.7290201622046,14.7290201622046
"3462",24.6157474522079,24.6157474522079,24.6157474522079,24.6157474522079
"3463",8.15874861057176,8.15874861057176,8.15874861057176,8.15874861057176
"3464",17.5676818138649,17.5676818138649,17.5676818138649,17.5676818138649
"3465",4.37368210331759,4.37368210331759,4.37368210331759,4.37368210331759
"3466",11.0350123809857,11.0350123809857,11.0350123809857,11.0350123809857
"3467",4.64600297312822,4.64600297312822,4.64600297312822,4.64600297312822
"3468",6.7740438250224,6.7740438250224,6.7740438250224,6.7740438250224
"3469",8.30519124661379,8.30519124661379,8.30519124661379,8.30519124661379
"3470",5.76022671308873,5.76022671308873,5.76022671308873,5.76022671308873
"3471",6.05346826235646,6.05346826235646,6.05346826235646,6.05346826235646
"3472",8.00693379818918,8.00693379818918,8.00693379818918,8.00693379818918
"3473",7.04163442116941,6.93553036919615,6.83082629007113,6.72750371207777
"3474",4.18465011583015,4.09300488901973,4.00297960712545,3.91454563557874
"3475",4.58824140997331,4.58824140997331,4.58824140997331,4.58824140997331
"3476",15.1502297384477,15.1502297384477,15.1502297384477,15.1502297384477
"3477",10.9508675183337,10.9508675183337,10.9508675183337,10.9508675183337
"3478",9.78825740045961,9.78825740045961,9.78825740045961,9.78825740045961
"3479",14.2690774487565,14.2690774487565,14.2690774487565,14.2690774487565
"3480",14.8630240922919,14.8630240922919,14.8630240922919,14.8630240922919
"3481",6.4872363534315,6.4872363534315,6.4872363534315,6.4872363534315
"3482",11.8957413337698,11.8957413337698,11.8957413337698,11.8957413337698
"3483",13.2622459396119,13.2622459396119,13.2622459396119,13.2622459396119
"3484",11.6449917039497,11.6449917039497,11.6449917039497,11.6449917039497
"3485",18.6572982415306,18.6572982415306,18.6572982415306,18.6572982415306
"3486",8.68299888515917,8.68299888515917,8.68299888515917,8.68299888515917
"3487",7.37798011219626,7.37798011219626,7.37798011219626,7.37798011219626
"3488",9.90445914713841,9.90445914713841,9.90445914713841,9.90445914713841
"3489",14.5620031422913,14.5620031422913,14.5620031422913,14.5620031422913
"3490",6.1133586896611,6.1133586896611,6.1133586896611,6.1133586896611
"3491",11.2256626746328,11.2256626746328,11.2256626746328,11.2256626746328
"3492",8.43604800594505,8.43604800594505,8.43604800594505,8.43604800594505
"3493",6.49613918738976,6.49613918738976,6.49613918738976,6.49613918738976
"3494",15.2657641304604,15.5324071805958,15.803421283675,16.0788780939333
"3495",17.3094555466276,17.3094555466276,17.3094555466276,17.3094555466276
"3496",7.57484918694068,7.57484918694068,7.57484918694068,7.57484918694068
"3497",18.9925372739355,18.9925372739355,18.9925372739355,18.9925372739355
"3498",17.8290857038304,17.8290857038304,17.8290857038304,17.8290857038304
"3499",18.731855032202,18.731855032202,18.731855032202,18.731855032202
"3500",39.9153365718267,39.9153365718267,39.9153365718267,39.9153365718267
"3501",28.1116431397632,28.1116431397632,28.1116431397632,28.1116431397632
"3502",24.836454573343,24.836454573343,24.836454573343,24.836454573343
"3503",24.9455114462866,24.9455114462866,24.9455114462866,24.9455114462866
"3504",22.9672054743783,22.9672054743783,22.9672054743783,22.9672054743783
"3505",23.6225957270633,23.6225957270633,23.6225957270633,23.6225957270633
"3506",20.165207783588,20.165207783588,20.165207783588,20.165207783588
"3507",25.7570466311104,25.7570466311104,25.7570466311104,25.7570466311104
"3508",18.4571129992789,18.4571129992789,18.4571129992789,18.4571129992789
"3509",19.7201129244463,19.7201129244463,19.7201129244463,19.7201129244463
"3510",21.7891761778264,21.7891761778264,21.7891761778264,21.7891761778264
"3511",20.8621432616808,20.8621432616808,20.8621432616808,20.8621432616808
"3512",20.7389396594086,20.7389396594086,20.7389396594086,20.7389396594086
"3513",24.4391419904481,24.4391419904481,24.4391419904481,24.4391419904481
"3514",7.27254183855566,7.60646411070059,7.95386520060318,8.31528918256843
"3515",3.38174533014195,3.38174533014195,3.38174533014195,3.38174533014195
"3516",8.63504080547968,8.63504080547968,8.63504080547968,8.63504080547968
"3517",15.385974444806,15.385974444806,15.385974444806,15.385974444806
"3518",10.8650661269209,10.7800874421051,10.6957173823737,10.6119515886985
"3519",23.0248420616881,22.8231928164738,22.6232360867812,22.4249576667114
"3520",29.2365337777624,29.2365337777624,29.2365337777624,29.2365337777624
"3521",23.4124026957585,23.4124026957585,23.4124026957585,23.4124026957585
"3522",22.5265763246415,22.5265763246415,22.5265763246415,22.5265763246415
"3523",23.2375381391319,23.2375381391319,23.2375381391319,23.2375381391319
"3524",19.7869564564469,19.7869564564469,19.7869564564469,19.7869564564469
"3525",32.4367163705846,32.4367163705846,32.4367163705846,32.4367163705846
"3526",15.7173162134941,15.7173162134941,15.7173162134941,15.7173162134941
"3527",54.516692474343,54.516692474343,54.516692474343,54.516692474343
"3528",20.3035862551309,20.3035862551309,20.3035862551309,20.3035862551309
"3529",31.5590570624747,32.3461880762284,33.1523483644364,33.9779979690483
"3530",30.5466201705194,30.5466201705194,30.5466201705194,30.5466201705194
"3531",18.3069524858037,18.3483548173128,18.3871682357256,18.4235497645553
"3532",16.3157025086603,16.3157025086603,16.3157025086603,16.3157025086603
"3533",24.4176172160867,24.4176172160867,24.4176172160867,24.4176172160867
"3534",16.7786423098649,16.7786423098649,16.7786423098649,16.7786423098649
"3535",15.0652120783109,14.8553919742746,14.6483122309535,14.4439370577976
"3536",16.2859403229451,16.2859403229451,16.2859403229451,16.2859403229451
"3537",13.38539706772,13.38539706772,13.38539706772,13.38539706772
"3538",14.8918440033468,15.1825900415149,15.478655365393,15.7801372929035
"3539",21.8440192788373,21.8440192788373,21.8440192788373,21.8440192788373
"3540",44.8672412666208,45.1388160019727,45.4119987005429,45.6867988828993
"3541",96.869287459038,96.869287459038,96.869287459038,96.869287459038
"3542",114.303207278937,114.303207278937,114.303207278937,114.303207278937
"3543",60.4414185734282,60.4414185734282,60.4414185734282,60.4414185734282
"3544",105.366722561723,105.366722561723,105.366722561723,105.366722561723
"3545",66.992294438101,66.992294438101,66.992294438101,66.992294438101
"3546",73.6214551349009,73.6214551349009,73.6214551349009,73.6214551349009
"3547",31.3324499248502,31.3324499248502,31.3324499248502,31.3324499248502
"3548",48.8081654442022,48.8081654442022,48.8081654442022,48.8081654442022
"3549",89.2261200809214,89.2261200809214,89.2261200809214,89.2261200809214
"3550",27.815176210897,27.815176210897,27.815176210897,27.815176210897
"3551",109.981138615211,109.981138615211,109.981138615211,109.981138615211
"3552",58.3055009263142,58.3055009263142,58.3055009263142,58.3055009263142
"3553",40.6091187106749,40.6091187106749,40.6091187106749,40.6091187106749
"3554",39.1767685352162,39.1767685352162,39.1767685352162,39.1767685352162
"3555",35.3271601735504,35.3271601735504,35.3271601735504,35.3271601735504
"3556",13.7954664232324,13.7954664232324,13.7954664232324,13.7954664232324
"3557",28.6125239288651,28.6122702454885,28.6120672120851,28.6119047157209
"3558",20.405252980929,20.405252980929,20.405252980929,20.405252980929
"3559",27.7629807213734,27.7629807213734,27.7629807213734,27.7629807213734
"3560",21.2931012057976,21.2931012057976,21.2931012057976,21.2931012057976
"3561",12.747999878095,12.747999878095,12.747999878095,12.747999878095
"3562",9.27223517241249,9.27223517241249,9.27223517241249,9.27223517241249
"3563",23.4299731629579,23.4299731629579,23.4299731629579,23.4299731629579
"3564",25.0159561213923,25.0159561213923,25.0159561213923,25.0159561213923
"3565",34.3585289015573,34.3585289015573,34.3585289015573,34.3585289015573
"3566",52.9546688798833,52.9546688798833,52.9546688798833,52.9546688798833
"3567",40.7598954485827,40.7598954485827,40.7598954485827,40.7598954485827
"3568",44.0558283023712,44.0558283023712,44.0558283023712,44.0558283023712
"3569",29.87257057448,29.87257057448,29.87257057448,29.87257057448
"3570",32.8401530634818,32.8401530634818,32.8401530634818,32.8401530634818
"3571",42.2824235507389,42.2824235507389,42.2824235507389,42.2824235507389
"3572",62.7825882684209,62.7825882684209,62.7825882684209,62.7825882684209
"3573",53.4292818591392,53.4292818591392,53.4292818591392,53.4292818591392
"3574",36.3729814705453,36.3729814705453,36.3729814705453,36.3729814705453
"3575",39.3807646683925,39.3807646683925,39.3807646683925,39.3807646683925
"3576",29.0079740706663,29.0079740706663,29.0079740706663,29.0079740706663
"3577",12.2855031972604,12.2855031972604,12.2855031972604,12.2855031972604
"3578",91.4153311056171,94.7597443103744,98.2251882959594,101.816043038473
"3579",29.3325475382785,29.3325475382785,29.3325475382785,29.3325475382785
"3580",539.979314886546,539.979314886546,539.979314886546,539.979314886546
"3581",29.1160661447311,29.1160661447311,29.1160661447311,29.1160661447311
"3582",45.6003003308987,45.6003003308987,45.6003003308987,45.6003003308987
"3583",954.713579995118,954.713579995118,954.713579995118,954.713579995118
"3584",31.6724659264348,31.6724659264348,31.6724659264348,31.6724659264348
"3585",31.9005040476397,31.9005040476397,31.9005040476397,31.9005040476397
"3586",39.2977674707383,39.2977674707383,39.2977674707383,39.2977674707383
"3587",72.8194253865438,72.8194253865438,72.8194253865438,72.8194253865438
"3588",193.45262657949,193.45262657949,193.45262657949,193.45262657949
"3589",50.9131176326064,50.9131176326064,50.9131176326064,50.9131176326064
"3590",351.462062714911,351.462062714911,351.462062714911,351.462062714911
"3591",13.6436866311438,13.6436866311438,13.6436866311438,13.6436866311438
"3592",13.0380067084271,13.0380067084271,13.0380067084271,13.0380067084271
"3593",8.20830759976874,8.20830759976874,8.20830759976874,8.20830759976874
"3594",87.8985759168039,87.8985759168039,87.8985759168039,87.8985759168039
"3595",396.369123527085,396.369123527085,396.369123527085,396.369123527085
"3596",768.120537778159,768.120537778159,768.120537778159,768.120537778159
"3597",22.4813827113087,22.758198994144,23.0382785964943,23.3216599888361
"3598",43.4692973906029,43.4692973906029,43.4692973906029,43.4692973906029
"3599",6.86847135384196,6.86847135384196,6.86847135384196,6.86847135384196
"3600",73.4705114625883,73.4705114625883,73.4705114625883,73.4705114625883
"3601",129.616919173643,134.435594780595,139.432039353099,144.612811084253
"3602",24.3785793448081,24.6562087146563,24.8954955843634,25.101430479429
"3603",51.6929976733857,51.6929976733857,51.6929976733857,51.6929976733857
"3604",82.6801083061209,82.6801083061209,82.6801083061209,82.6801083061209
"3605",43.6002292404275,43.6002292404275,43.6002292404275,43.6002292404275
"3606",8.99695735159626,8.99695735159626,8.99695735159626,8.99695735159626
"3607",6.96663254182216,6.96663254182216,6.96663254182216,6.96663254182216
"3608",60.6616609424392,60.6616609424392,60.6616609424392,60.6616609424392
"3609",152.270337945243,152.270337945243,152.270337945243,152.270337945243
"3610",269.191884640462,269.191884640462,269.191884640462,269.191884640462
"3611",20.2963742355191,20.2963742355191,20.2963742355191,20.2963742355191
"3612",25.666920541108,25.666920541108,25.666920541108,25.666920541108
"3613",29.8047238814791,30.6839340561809,31.5882381266849,32.5183523080949
"3614",36.2063940532916,36.2063940532916,36.2063940532916,36.2063940532916
"3615",29.8201777567388,29.8201777567388,29.8201777567388,29.8201777567388
"3616",10.7719098352945,10.7719098352945,10.7719098352945,10.7719098352945
"3617",52.6167369510851,52.6167369510851,52.6167369510851,52.6167369510851
"3618",89.0495441403413,89.0495441403413,89.0495441403413,89.0495441403413
"3619",11.4441558441742,11.4441558441742,11.4441558441742,11.4441558441742
"3620",93.5155728912963,93.5155728912963,93.5155728912963,93.5155728912963
"3621",4.86196677384264,4.66972090289596,4.48377982287048,4.30393676527558
"3622",6.22719378557752,6.22719378557752,6.22719378557752,6.22719378557752
"3623",12.4432297495676,12.4432297495676,12.4432297495676,12.4432297495676
"3624",13.5394572709184,13.5394572709184,13.5394572709184,13.5394572709184
"3625",8.89593180503449,8.89593180503449,8.89593180503449,8.89593180503449
"3626",7.39909514397658,7.39714537634269,7.39541485367249,7.39387888480791
"3627",17.044088989687,17.044088989687,17.044088989687,17.044088989687
"3628",7.76491806160732,7.76491806160732,7.76491806160732,7.76491806160732
"3629",18.9983632737255,18.9983632737255,18.9983632737255,18.9983632737255
"3630",8.29781416761735,8.29781416761735,8.29781416761735,8.29781416761735
"3631",4.98293293812271,4.98293293812271,4.98293293812271,4.98293293812271
"3632",9.56567051201145,9.56567051201145,9.56567051201145,9.56567051201145
"3633",7.34407214724258,7.34407214724258,7.34407214724258,7.34407214724258
"3634",7.40322954792604,7.40322954792604,7.40322954792604,7.40322954792604
"3635",6.77478562200327,6.77478562200327,6.77478562200327,6.77478562200327
"3636",8.13822690321203,8.13822690321203,8.13822690321203,8.13822690321203
"3637",23.9789059649812,23.9789059649812,23.9789059649812,23.9789059649812
"3638",19.9921241953126,19.9921241953126,19.9921241953126,19.9921241953126
"3639",19.1548273095011,19.0195319810985,18.8851448632008,18.7516598591724
"3640",11.5437010308932,11.5437010308932,11.5437010308932,11.5437010308932
"3641",10.4653312740436,10.4653312740436,10.4653312740436,10.4653312740436
"3642",3.27533764463729,3.27533764463729,3.27533764463729,3.27533764463729
"3643",25.0916127308128,25.0916127308128,25.0916127308128,25.0916127308128
"3644",8.37597996102436,8.37597996102436,8.37597996102436,8.37597996102436
"3645",18.3976339029943,18.3976339029943,18.3976339029943,18.3976339029943
"3646",5.87627618563421,5.87627618563421,5.87627618563421,5.87627618563421
"3647",8.82001655460987,8.82001655460987,8.82001655460987,8.82001655460987
"3648",11.6440614554889,11.6443900959107,11.6446673802599,11.6449013329854
"3649",4.3904640778728,4.3904640778728,4.3904640778728,4.3904640778728
"3650",17.6567244382032,17.6567244382032,17.6567244382032,17.6567244382032
"3651",6.13662732636947,6.13662732636947,6.13662732636947,6.13662732636947
"3652",6.21171587622803,6.21133256680643,6.21101093194599,6.21074104607578
"3653",15.4850987907727,15.4850987907727,15.4850987907727,15.4850987907727
"3654",3.78923541889355,3.78923541889355,3.78923541889355,3.78923541889355
"3655",4.94649943995042,4.94649943995042,4.94649943995042,4.94649943995042
"3656",81.5027455811601,81.5027455811601,81.5027455811601,81.5027455811601
"3657",23.091450838139,23.091450838139,23.091450838139,23.091450838139
"3658",51.2481188269086,51.6421598839,52.0391726910343,52.4391796604404
"3659",44.6433466620919,44.6433466620919,44.6433466620919,44.6433466620919
"3660",62.692436698386,62.692436698386,62.692436698386,62.692436698386
"3661",25.1956619733792,25.1956619733792,25.1956619733792,25.1956619733792
"3662",12.0764315723074,12.0764315723074,12.0764315723074,12.0764315723074
"3663",6.02199906243519,6.02199906243519,6.02199906243519,6.02199906243519
"3664",3.9873491307864,3.9873491307864,3.9873491307864,3.9873491307864
"3665",10.3378120228189,10.3378120228189,10.3378120228189,10.3378120228189
"3666",9.63892817170478,9.63892817170478,9.63892817170478,9.63892817170478
"3667",5.42132460107067,5.42132460107067,5.42132460107067,5.42132460107067
"3668",5.65718463021269,5.65718463021269,5.65718463021269,5.65718463021269
"3669",9.07522192929283,9.07522192929283,9.07522192929283,9.07522192929283
"3670",35.8361716913021,35.8361716913021,35.8361716913021,35.8361716913021
"3671",5.30628166790882,5.30628166790882,5.30628166790882,5.30628166790882
"3672",9.01883322111601,9.01883322111601,9.01883322111601,9.01883322111601
"3673",4.43803363978369,4.43803363978369,4.43803363978369,4.43803363978369
"3674",7.49118770307828,7.49118770307828,7.49118770307828,7.49118770307828
"3675",75.2673390930704,75.2673390930704,75.2673390930704,75.2673390930704
"3676",28.6964202839874,28.6964202839874,28.6964202839874,28.6964202839874
"3677",10.0799007706901,10.0799007706901,10.0799007706901,10.0799007706901
"3678",6.61169514346837,6.61169514346837,6.61169514346837,6.61169514346837
"3679",4.07521065951321,4.07521065951321,4.07521065951321,4.07521065951321
"3680",25.5210586384539,25.5210586384539,25.5210586384539,25.5210586384539
"3681",6.74187686680466,6.74187686680466,6.74187686680466,6.74187686680466
"3682",5.92816624767125,5.92816624767125,5.92816624767125,5.92816624767125
"3683",4.35243343923267,4.35243343923267,4.35243343923267,4.35243343923267
"3684",18.2273894716191,18.2273894716191,18.2273894716191,18.2273894716191
"3685",9.89586792980487,9.89586792980487,9.89586792980487,9.89586792980487
"3686",19.5818238119416,19.5818238119416,19.5818238119416,19.5818238119416
"3687",8.11289158621275,8.11289158621275,8.11289158621275,8.11289158621275
"3688",17.5324981018698,17.5615965184736,17.5849081439838,17.6035785223131
"3689",6.59297836781066,6.59297836781066,6.59297836781066,6.59297836781066
"3690",6.05826676530576,6.05826676530576,6.05826676530576,6.05826676530576
"3691",3.99396250610301,3.99396250610301,3.99396250610301,3.99396250610301
"3692",6.0810387680521,6.0810387680521,6.0810387680521,6.0810387680521
"3693",12.6868009972858,12.6868009972858,12.6868009972858,12.6868009972858
"3694",4.89712694217644,4.82493818647943,4.75363311812715,4.6832009195994
"3695",12.8404751267665,12.8404751267665,12.8404751267665,12.8404751267665
"3696",13.3344315667,13.3344315667,13.3344315667,13.3344315667
"3697",23.8320790514095,23.8320790514095,23.8320790514095,23.8320790514095
"3698",17.4321674987693,17.4321674987693,17.4321674987693,17.4321674987693
"3699",32.8741319793617,32.8741319793617,32.8741319793617,32.8741319793617
"3700",47.0708148126873,47.0708148126873,47.0708148126873,47.0708148126873
"3701",67.7871989194308,67.7871989194308,67.7871989194308,67.7871989194308
"3702",9.64758367156312,9.64758367156312,9.64758367156312,9.64758367156312
"3703",11.7631348433646,11.7631348433646,11.7631348433646,11.7631348433646
"3704",13.6955466158793,13.6955466158793,13.6955466158793,13.6955466158793
"3705",10.3309954131189,10.3309954131189,10.3309954131189,10.3309954131189
"3706",6.48296322871395,6.48296322871395,6.48296322871395,6.48296322871395
"3707",19.1976618348817,19.1976618348817,19.1976618348817,19.1976618348817
"3708",29.856751521538,30.4775221097699,31.1107812492657,31.756780182458
"3709",21.6676115003739,21.6676115003739,21.6676115003739,21.6676115003739
"3710",14.1785524379255,14.1785524379255,14.1785524379255,14.1785524379255
"3711",19.2269042764991,19.2269042764991,19.2269042764991,19.2269042764991
"3712",39.1240292557574,39.1240292557574,39.1240292557574,39.1240292557574
"3713",24.5413894195495,24.5413894195495,24.5413894195495,24.5413894195495
"3714",45.8031695059141,45.8031695059141,45.8031695059141,45.8031695059141
"3715",30.0678996320383,30.0678996320383,30.0678996320383,30.0678996320383
"3716",18.6661862307654,18.977198789963,19.2931298834836,19.6140572959027
"3717",4.98245577428069,4.98245577428069,4.98245577428069,4.98245577428069
"3718",21.1062200867093,21.1805567359021,21.2504532470752,21.3161614151128
"3719",14.0400348228999,14.0400348228999,14.0400348228999,14.0400348228999
"3720",15.4945206342509,15.4945206342509,15.4945206342509,15.4945206342509
"3721",41.2617809807921,41.2617809807921,41.2617809807921,41.2617809807921
"3722",32.2719324748061,32.2719324748061,32.2719324748061,32.2719324748061
"3723",22.9965341586075,22.9965341586075,22.9965341586075,22.9965341586075
"3724",28.0341188809254,28.0341188809254,28.0341188809254,28.0341188809254
"3725",27.8664126585257,27.8664126585257,27.8664126585257,27.8664126585257
"3726",15.9823734616415,15.9823734616415,15.9823734616415,15.9823734616415
"3727",33.1825262498622,33.1825262498622,33.1825262498622,33.1825262498622
"3728",27.3909695828454,27.3909695828454,27.3909695828454,27.3909695828454
"3729",28.8680595632542,28.8680595632542,28.8680595632542,28.8680595632542
"3730",27.5164026814931,27.5164026814931,27.5164026814931,27.5164026814931
"3731",22.1857510767023,22.1857510767023,22.1857510767023,22.1857510767023
"3732",13.8640465505752,13.8640465505752,13.8640465505752,13.8640465505752
"3733",25.4696326615925,25.4696326615925,25.4696326615925,25.4696326615925
"3734",28.6098473528533,27.9437897182119,27.2927146928146,26.6562852509025
"3735",23.8265583136024,23.8265583136024,23.8265583136024,23.8265583136024
"3736",13.7264100292488,13.7264100292488,13.7264100292488,13.7264100292488
"3737",16.6710596223146,16.6696260298908,16.6683781526328,16.6672919213413
"3738",10.1832911265459,10.1832911265459,10.1832911265459,10.1832911265459
"3739",6.56790059551127,6.56790059551127,6.56790059551127,6.56790059551127
"3740",22.5574685384218,22.3044205757287,22.0540907858868,21.8064499710176
"3741",18.6935384638879,18.8334451333002,18.9743457264902,19.1162473044828
"3742",6.6999332411627,6.6999332411627,6.6999332411627,6.6999332411627
"3743",6.18363253968994,6.18363253968994,6.18363253968994,6.18363253968994
"3744",13.3969364856243,13.3969364856243,13.3969364856243,13.3969364856243
"3745",6.62029656780044,6.62029656780044,6.62029656780044,6.62029656780044
"3746",6.31195545164051,6.31195545164051,6.31195545164051,6.31195545164051
"3747",10.4988615654971,10.4988615654971,10.4988615654971,10.4988615654971
"3748",17.380013894939,17.380013894939,17.380013894939,17.380013894939
"3749",10.598547061173,10.598547061173,10.598547061173,10.598547061173
"3750",25.339246053323,25.339246053323,25.339246053323,25.339246053323
"3751",5.35575408939653,5.35575408939653,5.35575408939653,5.35575408939653
"3752",17.0503555340445,17.0503555340445,17.0503555340445,17.0503555340445
"3753",26.7611786675822,26.7611786675822,26.7611786675822,26.7611786675822
"3754",52.890796895207,52.890796895207,52.890796895207,52.890796895207
"3755",21.299646153459,21.299646153459,21.299646153459,21.299646153459
"3756",41.7480389376194,41.7480389376194,41.7480389376194,41.7480389376194
"3757",48.5592346008508,48.5592346008508,48.5592346008508,48.5592346008508
"3758",16.0612454926974,15.8967607984261,15.7338618743532,15.572533432326
"3759",33.8229642630742,33.8800626963061,33.9335359205518,33.9836089449703
"3760",19.049394133354,19.049394133354,19.049394133354,19.049394133354
"3761",37.4400527308646,37.4400527308646,37.4400527308646,37.4400527308646
"3762",88.9526725927564,88.9526725927564,88.9526725927564,88.9526725927564
"3763",80.1666911031511,80.1666911031511,80.1666911031511,80.1666911031511
"3764",32.1842684014237,32.1842684014237,32.1842684014237,32.1842684014237
"3765",20.6622582996294,21.1397221784921,21.6277099719192,22.1264536404479
"3766",30.8693056683392,30.8693056683392,30.8693056683392,30.8693056683392
"3767",27.4985944578094,27.4985944578094,27.4985944578094,27.4985944578094
"3768",15.6825794473462,15.6825794473462,15.6825794473462,15.6825794473462
"3769",12.5667421011748,12.5667421011748,12.5667421011748,12.5667421011748
"3770",3.98774705617968,3.92595068040143,3.86491993929075,3.80464534691201
"3771",16.3248085089195,16.3248085089195,16.3248085089195,16.3248085089195
"3772",6.30797895491846,6.30797895491846,6.30797895491846,6.30797895491846
"3773",9.94247103400937,9.94247103400937,9.94247103400937,9.94247103400937
"3774",19.3768407236828,19.3768407236828,19.3768407236828,19.3768407236828
"3775",10.2539266345738,10.2539266345738,10.2539266345738,10.2539266345738
"3776",5.47917149886668,5.47917149886668,5.47917149886668,5.47917149886668
"3777",40.1566723103579,40.1566723103579,40.1566723103579,40.1566723103579
"3778",45.9180265587453,45.9180265587453,45.9180265587453,45.9180265587453
"3779",46.2666788609952,46.2666788609952,46.2666788609952,46.2666788609952
"3780",187.282410265053,187.282410265053,187.282410265053,187.282410265053
"3781",76.6689342232949,76.6689342232949,76.6689342232949,76.6689342232949
"3782",142.299548562308,142.299548562308,142.299548562308,142.299548562308
"3783",258.881355831462,258.881355831462,258.881355831462,258.881355831462
"3784",18.2549092964832,18.2549092964832,18.2549092964832,18.2549092964832
"3785",16.8327454030207,16.8327454030207,16.8327454030207,16.8327454030207
"3786",29.2528303319631,29.2528303319631,29.2528303319631,29.2528303319631
"3787",8.04270608671336,8.04270608671336,8.04270608671336,8.04270608671336
"3788",48.4054890540934,48.4454029126714,48.4822860388,48.5163665328226
"3789",20.4841605558519,20.4841605558519,20.4841605558519,20.4841605558519
"3790",54.7474784401548,54.7474784401548,54.7474784401548,54.7474784401548
"3791",44.7799388633203,44.7799388633203,44.7799388633203,44.7799388633203
"3792",64.2821070245369,64.2821070245369,64.2821070245369,64.2821070245369
"3793",82.4596901785452,82.4596901785452,82.4596901785452,82.4596901785452
"3794",56.9492238750345,61.3089764585022,65.9967307185765,71.0371635372124
"3795",40.9245361980747,40.9245361980747,40.9245361980747,40.9245361980747
"3796",68.6686429233936,68.6686429233936,68.6686429233936,68.6686429233936
"3797",28.5701446165142,28.5701446165142,28.5701446165142,28.5701446165142
"3798",22.1603646114771,22.1603646114771,22.1603646114771,22.1603646114771
"3799",10.0572831689626,10.0572831689626,10.0572831689626,10.0572831689626
"3800",20.1386031280888,20.1386031280888,20.1386031280888,20.1386031280888
"3801",58.9057177896266,58.9057177896266,58.9057177896266,58.9057177896266
"3802",18.643159153616,18.643159153616,18.643159153616,18.643159153616
"3803",31.9250805776855,31.9250805776855,31.9250805776855,31.9250805776855
"3804",29.0544297217242,29.0544297217242,29.0544297217242,29.0544297217242
"3805",40.6244963026905,40.6244963026905,40.6244963026905,40.6244963026905
"3806",8.61877138165581,8.61877138165581,8.61877138165581,8.61877138165581
"3807",9.95701819683344,9.95701819683344,9.95701819683344,9.95701819683344
"3808",15.678670503163,15.678670503163,15.678670503163,15.678670503163
"3809",17.5813702216491,17.5813702216491,17.5813702216491,17.5813702216491
"3810",477.450906037859,477.450906037859,477.450906037859,477.450906037859
"3811",125.090670831473,125.090670831473,125.090670831473,125.090670831473
"3812",26.6404994264449,26.6404994264449,26.6404994264449,26.6404994264449
"3813",83.9348390244617,83.9348390244617,83.9348390244617,83.9348390244617
"3814",44.5660980400567,44.5660980400567,44.5660980400567,44.5660980400567
"3815",41.7835493869738,41.7835493869738,41.7835493869738,41.7835493869738
"3816",73.9328225439368,73.9328225439368,73.9328225439368,73.9328225439368
"3817",118.952192530734,118.952192530734,118.952192530734,118.952192530734
"3818",60.4820723630882,60.4820723630882,60.4820723630882,60.4820723630882
"3819",54.1091569816582,54.1091569816582,54.1091569816582,54.1091569816582
"3820",36.315670842733,36.315670842733,36.315670842733,36.315670842733
"3821",37.095912472787,37.095912472787,37.095912472787,37.095912472787
"3822",44.5933992560205,44.5933992560205,44.5933992560205,44.5933992560205
"3823",27.5830004913626,27.5830004913626,27.5830004913626,27.5830004913626
"3824",21.9387753901713,21.9387753901713,21.9387753901713,21.9387753901713
"3825",16.846377548118,16.846377548118,16.846377548118,16.846377548118
"3826",35.0512383434021,35.0512383434021,35.0512383434021,35.0512383434021
"3827",14.9225689196625,14.9225689196625,14.9225689196625,14.9225689196625
"3828",25.5564100343459,25.5564100343459,25.5564100343459,25.5564100343459
"3829",17.0662414019069,17.0662414019069,17.0662414019069,17.0662414019069
"3830",34.212710803059,34.212710803059,34.212710803059,34.212710803059
"3831",53.3211863569442,53.3211863569442,53.3211863569442,53.3211863569442
"3832",73.787174076605,73.787174076605,73.787174076605,73.787174076605
"3833",64.8909971899285,64.8909971899285,64.8909971899285,64.8909971899285
"3834",51.631976134751,51.631976134751,51.631976134751,51.631976134751
"3835",40.6330327361828,40.6330327361828,40.6330327361828,40.6330327361828
"3836",38.0093091972537,38.0093091972537,38.0093091972537,38.0093091972537
"3837",14.1014060754871,14.1014060754871,14.1014060754871,14.1014060754871
"3838",9.33422586720028,9.33422586720028,9.33422586720028,9.33422586720028
"3839",8.7791926886887,8.7791926886887,8.7791926886887,8.7791926886887
"3840",17.8578103226234,17.8578103226234,17.8578103226234,17.8578103226234
"3841",10.6783998109102,10.6783998109102,10.6783998109102,10.6783998109102
"3842",30.1704564935302,30.1704564935302,30.1704564935302,30.1704564935302
"3843",21.0824365713612,21.0824365713612,21.0824365713612,21.0824365713612
"3844",8.71654473587902,8.71654473587902,8.71654473587902,8.71654473587902
"3845",55.5093871313597,55.5093871313597,55.5093871313597,55.5093871313597
"3846",30.3319195303046,30.3319195303046,30.3319195303046,30.3319195303046
"3847",17.777248129976,17.777248129976,17.777248129976,17.777248129976
"3848",18.9275004991886,18.9275004991886,18.9275004991886,18.9275004991886
"3849",73.7817789954314,73.7817789954314,73.7817789954314,73.7817789954314
"3850",30.3543137525809,30.3543137525809,30.3543137525809,30.3543137525809
"3851",2.94234191249329,2.87576012238259,2.81030282499036,2.74595102887959
"3852",10.1814693145824,10.1814693145824,10.1814693145824,10.1814693145824
"3853",7.76146221779961,7.76146221779961,7.76146221779961,7.76146221779961
"3854",39.1598805609572,39.1598805609572,39.1598805609572,39.1598805609572
"3855",39.5210579179433,39.5210579179433,39.5210579179433,39.5210579179433
"3856",34.2501907656096,34.079468466956,33.9095730036365,33.7405003711555
"3857",19.1516127699101,19.1516127699101,19.1516127699101,19.1516127699101
"3858",20.8967400964568,20.8967400964568,20.8967400964568,20.8967400964568
"3859",16.0947819079618,16.0947819079618,16.0947819079618,16.0947819079618
"3860",52.2393248332606,52.2393248332606,52.2393248332606,52.2393248332606
"3861",14.4137010860719,14.4137010860719,14.4137010860719,14.4137010860719
"3862",16.3775976642252,16.3775976642252,16.3775976642252,16.3775976642252
"3863",58.3439728513236,58.3439728513236,58.3439728513236,58.3439728513236
"3864",45.8145238165704,45.8145238165704,45.8145238165704,45.8145238165704
"3865",33.9454927711968,33.9454927711968,33.9454927711968,33.9454927711968
"3866",48.7054047571927,48.7054047571927,48.7054047571927,48.7054047571927
"3867",8.64184613588456,8.64184613588456,8.64184613588456,8.64184613588456
"3868",44.1385560512034,44.1385560512034,44.1385560512034,44.1385560512034
"3869",7.09713439222954,7.09713439222954,7.09713439222954,7.09713439222954
"3870",7.62664810610203,7.62664810610203,7.62664810610203,7.62664810610203
"3871",16.2539107237818,16.2539107237818,16.2539107237818,16.2539107237818
"3872",11.1574115687103,11.1574115687103,11.1574115687103,11.1574115687103
"3873",36.0524362961825,36.0524362961825,36.0524362961825,36.0524362961825
"3874",15.4958332497387,15.4958332497387,15.4958332497387,15.4958332497387
"3875",28.6649629303532,28.6649629303532,28.6649629303532,28.6649629303532
"3876",12.6410040350908,12.6410040350908,12.6410040350908,12.6410040350908
"3877",19.9756232049186,19.9756232049186,19.9756232049186,19.9756232049186
"3878",10.1032175947672,10.1032175947672,10.1032175947672,10.1032175947672
"3879",7.92353325385768,7.92353325385768,7.92353325385768,7.92353325385768
"3880",27.2182134513173,27.0328638048648,26.8487316164736,26.6658088893432
"3881",12.4470162936729,12.4470162936729,12.4470162936729,12.4470162936729
"3882",173.002094613452,173.002094613452,173.002094613452,173.002094613452
"3883",362.423628116388,362.423628116388,362.423628116388,362.423628116388
"3884",58.5442612424366,57.6230113454461,56.7160147342467,55.8230508865278
"3885",98.2259688833988,98.2259688833988,98.2259688833988,98.2259688833988
"3886",43.0234996934837,43.0234996934837,43.0234996934837,43.0234996934837
"3887",95.9275817966096,95.9275817966096,95.9275817966096,95.9275817966096
"3888",63.2735042149939,63.2735042149939,63.2735042149939,63.2735042149939
"3889",46.6479483080337,46.054715820146,45.4688692701041,44.8903167005744
"3890",17.655817655092,17.1776486435513,16.7117356267798,16.2577644702266
"3891",34.4263601143373,34.4263601143373,34.4263601143373,34.4263601143373
"3892",16.5710916547333,16.5710916547333,16.5710916547333,16.5710916547333
"3893",29.5214476897124,29.5214476897124,29.5214476897124,29.5214476897124
"3894",25.2025252557622,25.2025252557622,25.2025252557622,25.2025252557622
"3895",40.8915391723738,40.8915391723738,40.8915391723738,40.8915391723738
"3896",9.26590642697149,9.26590642697149,9.26590642697149,9.26590642697149
"3897",6.95716894776139,6.95716894776139,6.95716894776139,6.95716894776139
"3898",37.0471486021236,37.0471486021236,37.0471486021236,37.0471486021236
"3899",43.2088757804714,43.2088757804714,43.2088757804714,43.2088757804714
"3900",24.7889746703794,24.7889746703794,24.7889746703794,24.7889746703794
"3901",20.005425103518,20.005425103518,20.005425103518,20.005425103518
"3902",78.2004275173672,78.2004275173672,78.2004275173672,78.2004275173672
"3903",24.4236346277175,24.4236346277175,24.4236346277175,24.4236346277175
"3904",15.1571120261224,15.1571120261224,15.1571120261224,15.1571120261224
"3905",146.03266748218,146.03266748218,146.03266748218,146.03266748218
"3906",73.1464474978199,73.1464474978199,73.1464474978199,73.1464474978199
"3907",88.987765929712,88.987765929712,88.987765929712,88.987765929712
"3908",75.5393149295019,75.5393149295019,75.5393149295019,75.5393149295019
"3909",102.888509501073,102.888509501073,102.888509501073,102.888509501073
"3910",80.1028643369248,80.1028643369248,80.1028643369248,80.1028643369248
"3911",105.562941714154,105.562941714154,105.562941714154,105.562941714154
"3912",21.8982008611962,22.1173734551432,22.3386438831614,22.5620322248956
"3913",18.8917884360856,19.1133717286046,19.3374233338991,19.5639707475797
"3914",74.9362344883078,74.9362344883078,74.9362344883078,74.9362344883078
"3915",101.903929334932,101.903929334932,101.903929334932,101.903929334932
"3916",45.741759148229,45.7435266971858,45.7450454549998,45.7463504337804
"3917",31.8923474905476,31.8923474905476,31.8923474905476,31.8923474905476
"3918",65.1045953089485,65.1045953089485,65.1045953089485,65.1045953089485
"3919",69.9766004927325,69.9766004927325,69.9766004927325,69.9766004927325
"3920",29.1107474364487,29.1107474364487,29.1107474364487,29.1107474364487
"3921",10.9770671484357,10.9770671484357,10.9770671484357,10.9770671484357
"3922",16.5868438562545,16.5868438562545,16.5868438562545,16.5868438562545
"3923",121.959828483427,121.959828483427,121.959828483427,121.959828483427
"3924",90.2537438289364,90.2537438289364,90.2537438289364,90.2537438289364
"3925",170.469433771567,170.469433771567,170.469433771567,170.469433771567
"3926",26.7252490766238,26.550450546079,26.3767540624878,26.2041526778083
"3927",36.0447464448716,37.0610094913743,38.10515208029,39.1779390420312
"3928",28.5355070657643,28.5355070657643,28.5355070657643,28.5355070657643
"3929",16.3652613506308,16.3652613506308,16.3652613506308,16.3652613506308
"3930",25.7690628702711,25.7690628702711,25.7690628702711,25.7690628702711
"3931",21.6939287266486,21.5186834236938,21.3447913864771,21.1722421649144
"3932",43.3148706776847,43.3148706776847,43.3148706776847,43.3148706776847
"3933",10.2773877857769,10.2773877857769,10.2773877857769,10.2773877857769
"3934",9.41685608271503,9.41685608271503,9.41685608271503,9.41685608271503
"3935",16.0394388141853,16.0394388141853,16.0394388141853,16.0394388141853
"3936",33.4905593766309,32.9880010148722,32.4927653788545,32.0047457699011
"3937",54.0566718557096,54.0566718557096,54.0566718557096,54.0566718557096
"3938",33.9382883452018,33.9382883452018,33.9382883452018,33.9382883452018
"3939",213.451181083509,213.451181083509,213.451181083509,213.451181083509
"3940",132.826698005413,132.826698005413,132.826698005413,132.826698005413
"3941",239.667361661804,239.667361661804,239.667361661804,239.667361661804
"3942",100.958641104601,100.958641104601,100.958641104601,100.958641104601
"3943",118.447237992172,118.447237992172,118.447237992172,118.447237992172
"3944",174.322409700657,174.322409700657,174.322409700657,174.322409700657
"3945",335.929708479272,335.929708479272,335.929708479272,335.929708479272
"3946",93.2562636002586,93.2562636002586,93.2562636002586,93.2562636002586
"3947",99.2441126094592,99.2441126094592,99.2441126094592,99.2441126094592
"3948",73.7965797046214,73.7965797046214,73.7965797046214,73.7965797046214
"3949",5.98921407154791,5.98921407154791,5.98921407154791,5.98921407154791
"3950",47.0642164170953,47.0642164170953,47.0642164170953,47.0642164170953
"3951",32.5101410750474,32.1649503583588,31.8233154796067,31.4851998098122
"3952",49.6553635573071,49.6553635573071,49.6553635573071,49.6553635573071
"3953",107.274168238976,107.274168238976,107.274168238976,107.274168238976
"3954",101.262945549194,101.262945549194,101.262945549194,101.262945549194
"3955",14.7107483438238,14.7107483438238,14.7107483438238,14.7107483438238
"3956",68.054721396097,68.054721396097,68.054721396097,68.054721396097
"3957",86.7956630926519,86.7956630926519,86.7956630926519,86.7956630926519
"3958",65.2615359142073,65.2615359142073,65.2615359142073,65.2615359142073
"3959",53.7296103419129,53.7296103419129,53.7296103419129,53.7296103419129
"3960",26.8006142360107,26.8006142360107,26.8006142360107,26.8006142360107
"3961",12.9112581210245,12.9112581210245,12.9112581210245,12.9112581210245
"3962",60.7822193915564,60.7822193915564,60.7822193915564,60.7822193915564
"3963",82.5052597639295,82.5052597639295,82.5052597639295,82.5052597639295
"3964",112.32526107148,112.32526107148,112.32526107148,112.32526107148
"3965",102.808897754827,102.808897754827,102.808897754827,102.808897754827
"3966",77.4291800075387,77.4291800075387,77.4291800075387,77.4291800075387
"3967",8.74993931330938,8.53689239143992,8.3285007796662,8.12466275433082
"3968",98.5774569616426,98.5774569616426,98.5774569616426,98.5774569616426
"3969",32.8379054671537,32.4910198454348,32.1476902840834,31.8078803285321
"3970",46.6718359276577,46.6718359276577,46.6718359276577,46.6718359276577
"3971",82.3171566509694,82.3171566509694,82.3171566509694,82.3171566509694
"3972",73.5757366124883,73.5757366124883,73.5757366124883,73.5757366124883
"3973",14.3198539421223,14.3205490635207,14.3211320497567,14.3216209868902
"3974",47.0092259990083,47.0092259990083,47.0092259990083,47.0092259990083
"3975",39.4065035351509,39.8568375604169,40.3121905978856,40.7726185848882
"3976",195.018583274449,195.02898869481,195.037759433739,195.045152241279
"3977",20.9892017603843,20.9892017603843,20.9892017603843,20.9892017603843
"3978",20.1552980185466,20.1552980185466,20.1552980185466,20.1552980185466
"3979",15.3355191425221,15.3355191425221,15.3355191425221,15.3355191425221
"3980",9.52704841933055,9.52704841933055,9.52704841933055,9.52704841933055
"3981",75.2462954513205,75.2462954513205,75.2462954513205,75.2462954513205
"3982",60.4312407657091,60.4312407657091,60.4312407657091,60.4312407657091
"3983",124.344172579769,124.344172579769,124.344172579769,124.344172579769
"3984",5.10206873823472,5.10206873823472,5.10206873823472,5.10206873823472
"3985",4.7985169175993,4.7985169175993,4.7985169175993,4.7985169175993
"3986",5.781178401693,5.781178401693,5.781178401693,5.781178401693
"3987",13.030023613159,13.0308638011995,13.0315768269534,13.0321819313357
"3988",7.86589862910745,7.86589862910745,7.86589862910745,7.86589862910745
"3989",7.03714440839395,7.03714440839395,7.03714440839395,7.03714440839395
"3990",3.15592428598284,3.15592428598284,3.15592428598284,3.15592428598284
"3991",10.3718339573279,10.3718339573279,10.3718339573279,10.3718339573279
"3992",13.9899946697375,13.9899946697375,13.9899946697375,13.9899946697375
"3993",20.8726681579318,20.8726681579318,20.8726681579318,20.8726681579318
"3994",31.1948292438584,31.1948292438584,31.1948292438584,31.1948292438584
"3995",14.91376967632,14.91376967632,14.91376967632,14.91376967632
"3996",41.1626288708059,41.1626288708059,41.1626288708059,41.1626288708059
"3997",69.2485802197916,69.2485802197916,69.2485802197916,69.2485802197916
"3998",57.7449473774508,57.7449473774508,57.7449473774508,57.7449473774508
"3999",82.4950757808849,82.4950757808849,82.4950757808849,82.4950757808849
"4000",72.653146453681,72.653146453681,72.653146453681,72.653146453681
"4001",49.4876580948757,49.4876580948757,49.4876580948757,49.4876580948757
"4002",44.6439112501357,44.6439112501357,44.6439112501357,44.6439112501357
"4003",57.8226469833148,57.8226469833148,57.8226469833148,57.8226469833148
"4004",76.6192960944604,76.6192960944604,76.6192960944604,76.6192960944604
"4005",119.492941327673,119.492941327673,119.492941327673,119.492941327673
"4006",49.787954819223,49.787954819223,49.787954819223,49.787954819223
"4007",82.9420468044934,82.9420468044934,82.9420468044934,82.9420468044934
"4008",117.734820155167,117.734820155167,117.734820155167,117.734820155167
"4009",60.5773845450845,60.5773845450845,60.5773845450845,60.5773845450845
"4010",45.3047154325627,44.8933494438993,44.4856379853427,44.08154859045
"4011",93.1039549317609,93.1039549317609,93.1039549317609,93.1039549317609
"4012",72.0354664588636,72.0354664588636,72.0354664588636,72.0354664588636
"4013",44.9320734048489,44.9320734048489,44.9320734048489,44.9320734048489
"4014",34.6709475462361,34.6709475462361,34.6709475462361,34.6709475462361
"4015",93.1322717720068,93.1322717720068,93.1322717720068,93.1322717720068
"4016",62.9953289972878,62.9953289972878,62.9953289972878,62.9953289972878
"4017",7.97634407932179,7.97634407932179,7.97634407932179,7.97634407932179
"4018",3.71290035019487,3.71290035019487,3.71290035019487,3.71290035019487
"4019",7.27903695243217,7.27903695243217,7.27903695243217,7.27903695243217
"4020",16.468074497658,16.468074497658,16.468074497658,16.468074497658
"4021",30.1070871584813,30.1070871584813,30.1070871584813,30.1070871584813
"4022",36.1129240800842,36.1129240800842,36.1129240800842,36.1129240800842
"4023",206.9853566774,206.986770819083,206.987902244833,206.988807474258
"4024",673.104967821791,673.104967821791,673.104967821791,673.104967821791
"4025",662.765980584183,662.765980584183,662.765980584183,662.765980584183
"4026",611.917096238932,611.917096238932,611.917096238932,611.917096238932
"4027",69.73933632776,69.73933632776,69.73933632776,69.73933632776
"4028",486.034663509124,486.034663509124,486.034663509124,486.034663509124
"4029",710.273287006628,710.273287006628,710.273287006628,710.273287006628
"4030",77.4830259697633,77.4830259697633,77.4830259697633,77.4830259697633
"4031",538.425868374082,538.425868374082,538.425868374082,538.425868374082
"4032",74.3328806437182,74.3328806437182,74.3328806437182,74.3328806437182
"4033",284.652483810731,285.379079024955,286.016152490251,286.57456730736
"4034",562.388058318696,562.388058318696,562.388058318696,562.388058318696
"4035",470.156722492292,467.956686434213,465.766923303221,463.587385130543
"4036",23.4971333896824,23.4971333896824,23.4971333896824,23.4971333896824
"4037",18.8680339796827,18.8680339796827,18.8680339796827,18.8680339796827
"4038",28.8112518418211,28.8112518418211,28.8112518418211,28.8112518418211
"4039",1.58222572794011,1.58222572794011,1.58222572794011,1.58222572794011
"4040",8.53336011194271,8.6747019437242,8.81813931298428,8.96370328821319
"4041",10.3839608990469,10.3839608990469,10.3839608990469,10.3839608990469
"4042",6.07546083256214,6.07546083256214,6.07546083256214,6.07546083256214
"4043",8.42041613226573,8.42041613226573,8.42041613226573,8.42041613226573
"4044",3.56563978616979,3.56563978616979,3.56563978616979,3.56563978616979
"4045",6.01652628425232,6.01652628425232,6.01652628425232,6.01652628425232
"4046",7.45029297223946,7.45029297223946,7.45029297223946,7.45029297223946
"4047",5.68779738739003,5.68779738739003,5.68779738739003,5.68779738739003
"4048",7.75863841005799,7.75863841005799,7.75863841005799,7.75863841005799
"4049",10.9855267198879,11.2364699582909,11.4926672427089,11.7542285780964
"4050",13.0275303645876,13.0581424166099,13.0867136995132,13.1133764101462
"4051",6.6962831981043,6.6962831981043,6.6962831981043,6.6962831981043
"4052",5.11734291781864,5.11734291781864,5.11734291781864,5.11734291781864
"4053",30.4276715200759,30.6908678673074,30.9562683968358,31.2238915679582
"4054",17.9724396219795,17.9724396219795,17.9724396219795,17.9724396219795
"4055",18.859636821847,18.859636821847,18.859636821847,18.859636821847
"4056",7.67431651367522,7.67431651367522,7.67431651367522,7.67431651367522
"4057",13.4344413719178,13.4344413719178,13.4344413719178,13.4344413719178
"4058",6.98403794401421,6.98403794401421,6.98403794401421,6.98403794401421
"4059",31.0756656297867,31.4672759493012,31.8636674211111,32.2648984180837
"4060",6.88331480251065,6.88331480251065,6.88331480251065,6.88331480251065
"4061",11.3358826958958,11.3358826958958,11.3358826958958,11.3358826958958
"4062",14.4116754142366,14.5431065331602,14.6756584996593,14.8093408723475
"4063",15.5076539705689,15.5076539705689,15.5076539705689,15.5076539705689
"4064",4.71121460658037,4.71121460658037,4.71121460658037,4.71121460658037
"4065",3.39645808871049,3.39645808871049,3.39645808871049,3.39645808871049
"4066",9.06741796819264,9.06741796819264,9.06741796819264,9.06741796819264
"4067",15.9263142664351,16.1979151787219,16.4738742196831,16.7542613201792
"4068",48.8807673905643,48.8807673905643,48.8807673905643,48.8807673905643
"4069",90.3223585041507,90.3223585041507,90.3223585041507,90.3223585041507
"4070",7.28803630014693,7.28803630014693,7.28803630014693,7.28803630014693
"4071",21.0415672423133,21.0415672423133,21.0415672423133,21.0415672423133
"4072",17.7579280731012,17.7579280731012,17.7579280731012,17.7579280731012
"4073",9.45542111219761,9.45542111219761,9.45542111219761,9.45542111219761
"4074",9.08088456234679,9.08088456234679,9.08088456234679,9.08088456234679
"4075",11.4792100814467,11.4792100814467,11.4792100814467,11.4792100814467
"4076",6.27631495524633,6.27631495524633,6.27631495524633,6.27631495524633
"4077",39.07201946544,40.1340586147485,41.2242452637266,42.3433254128755
"4078",12.866793063777,12.8662427095183,12.8658000574223,12.8654440281051
"4079",12.7058113852755,12.8410525235588,12.9776281443452,13.1155514155477
"4080",10.0995320278744,10.2469323615455,10.3962901523699,10.5476313951227
"4081",13.7825789408652,13.7825789408652,13.7825789408652,13.7825789408652
"4082",25.4295144602791,26.0402550476929,26.6651087988454,27.3044018446585
"4083",6.46030722108707,6.46030722108707,6.46030722108707,6.46030722108707
"4084",7.08890105343323,7.08890105343323,7.08890105343323,7.08890105343323
"4085",23.7490646550118,23.7490646550118,23.7490646550118,23.7490646550118
"4086",7.02900922441177,7.02900922441177,7.02900922441177,7.02900922441177
"4087",7.57614691198366,7.57614691198366,7.57614691198366,7.57614691198366
"4088",26.2093397560269,26.2093397560269,26.2093397560269,26.2093397560269
"4089",30.8297585565472,30.8297585565472,30.8297585565472,30.8297585565472
"4090",15.9184346979782,15.9184346979782,15.9184346979782,15.9184346979782
"4091",21.2074652774727,21.4139065529018,21.6222669127319,21.8325641968303
"4092",17.1059710811363,17.1059710811363,17.1059710811363,17.1059710811363
"4093",23.4466721210995,23.4479018103544,23.4489570740368,23.4498626475803
"4094",23.2588855352484,23.2637802035087,23.2681295918405,23.2719943638333
"4095",6.68167377887202,6.68167377887202,6.68167377887202,6.68167377887202
"4096",32.5460262743423,32.5460262743423,32.5460262743423,32.5460262743423
"4097",17.7896401161729,17.7896401161729,17.7896401161729,17.7896401161729
"4098",16.3601944588533,16.3601944588533,16.3601944588533,16.3601944588533
"4099",17.3439746875582,17.3439746875582,17.3439746875582,17.3439746875582
"4100",10.5258304093184,10.5258304093184,10.5258304093184,10.5258304093184
"4101",10.1158874162949,10.3018787835763,10.4909821640878,10.6832496281295
"4102",8.75319693044654,8.75319693044654,8.75319693044654,8.75319693044654
"4103",27.8104079655707,27.8104079655707,27.8104079655707,27.8104079655707
"4104",9.17084508493785,9.17084508493785,9.17084508493785,9.17084508493785
"4105",3.58562446738733,3.54091764041651,3.49664667564766,3.45280732371057
"4106",12.1047844489924,12.1047844489924,12.1047844489924,12.1047844489924
"4107",5.63700291284546,5.63700291284546,5.63700291284546,5.63700291284546
"4108",8.89570634369886,8.89570634369886,8.89570634369886,8.89570634369886
"4109",11.1382232491674,11.1382232491674,11.1382232491674,11.1382232491674
"4110",6.8955039463754,6.8955039463754,6.8955039463754,6.8955039463754
"4111",25.6865758143297,25.6865758143297,25.6865758143297,25.6865758143297
"4112",15.1277166897304,15.3625475642699,15.6007977411631,15.8425170078522
"4113",20.4159744369894,20.4159744369894,20.4159744369894,20.4159744369894
"4114",37.7768271532309,38.0281737723289,38.281149589264,38.5357651642962
"4115",8.12642129751245,8.12642129751245,8.12642129751245,8.12642129751245
"4116",41.1769096903648,41.1769096903648,41.1769096903648,41.1769096903648
"4117",3.07305841318315,3.07305841318315,3.07305841318315,3.07305841318315
"4118",50.0727401815627,50.364528601309,50.6579840646013,50.9531160955812
"4119",24.3333200375882,24.3333200375882,24.3333200375882,24.3333200375882
"4120",33.0225134763149,33.0225134763149,33.0225134763149,33.0225134763149
"4121",12.8111303389121,12.972938457359,13.136642283583,13.3022640272732
"4122",13.7290299830654,13.7290299830654,13.7290299830654,13.7290299830654
"4123",18.1698530593926,18.3111711229622,18.4535309678657,18.5969402740013
"4124",48.0919462002752,48.7262779632561,49.3558745449839,49.9806124691067
"4125",27.9893525499875,27.9893525499875,27.9893525499875,27.9893525499875
"4126",35.9842473933961,35.9842473933961,35.9842473933961,35.9842473933961
"4127",25.5767129943635,25.6209414306327,25.6613226289625,25.6981860624045
"4128",8.11923680999072,8.11923680999072,8.11923680999072,8.11923680999072
"4129",7.90867111309841,7.90867111309841,7.90867111309841,7.90867111309841
"4130",5.53631874977753,5.53631874977753,5.53631874977753,5.53631874977753
"4131",3.42329947454493,3.42329947454493,3.42329947454493,3.42329947454493
"4132",7.32031594211546,7.45597694085343,7.59384986359846,7.73397077530552
"4133",8.53309328769079,8.53309328769079,8.53309328769079,8.53309328769079
"4134",4.41692114983435,4.41692114983435,4.41692114983435,4.41692114983435
"4135",7.50267747800123,7.50267747800123,7.50267747800123,7.50267747800123
"4136",7.43398690827823,7.43398690827823,7.43398690827823,7.43398690827823
"4137",6.93570434169227,6.93570434169227,6.93570434169227,6.93570434169227
"4138",21.4562864469445,21.4562864469445,21.4562864469445,21.4562864469445
"4139",18.3446101411485,18.3446101411485,18.3446101411485,18.3446101411485
"4140",10.567450502377,10.567450502377,10.567450502377,10.567450502377
"4141",12.0019970440081,12.0019970440081,12.0019970440081,12.0019970440081
"4142",6.12976372121159,6.12976372121159,6.12976372121159,6.12976372121159
"4143",4.94083534372044,4.94083534372044,4.94083534372044,4.94083534372044
"4144",3.75559553060239,3.75559553060239,3.75559553060239,3.75559553060239
"4145",9.14109450162445,9.27689287371843,9.41450970809579,9.55396935560129
"4146",12.3702982102224,12.3702982102224,12.3702982102224,12.3702982102224
"4147",6.79127149712478,6.79127149712478,6.79127149712478,6.79127149712478
"4148",8.71941152598518,8.72079227529118,8.72200402189391,8.72306743422688
"4149",8.98253629877361,8.98253629877361,8.98253629877361,8.98253629877361
"4150",11.5254773065398,11.5254773065398,11.5254773065398,11.5254773065398
"4151",9.71514432716467,9.94427649050686,10.1783084057026,10.4173448488246
"4152",5.88132859685122,5.88132859685122,5.88132859685122,5.88132859685122
"4153",4.92556438614236,4.92556438614236,4.92556438614236,4.92556438614236
"4154",8.48303739701298,8.48303739701298,8.48303739701298,8.48303739701298
"4155",9.7119755242212,9.7119755242212,9.7119755242212,9.7119755242212
"4156",13.1433972085457,13.1433972085457,13.1433972085457,13.1433972085457
"4157",9.48464649230193,9.48464649230193,9.48464649230193,9.48464649230193
"4158",9.56035339133332,9.67961329699085,9.80022002548379,9.92218878671641
"4159",21.5992775510761,21.5992775510761,21.5992775510761,21.5992775510761
"4160",5.22887582945674,5.22887582945674,5.22887582945674,5.22887582945674
"4161",6.56351965183861,6.56351965183861,6.56351965183861,6.56351965183861
"4162",20.4134084430197,20.4134084430197,20.4134084430197,20.4134084430197
"4163",6.35682999051409,6.35682999051409,6.35682999051409,6.35682999051409
"4164",15.418508241533,15.418508241533,15.418508241533,15.418508241533
"4165",22.4432710364856,22.4432710364856,22.4432710364856,22.4432710364856
"4166",6.91285654370565,6.91285654370565,6.91285654370565,6.91285654370565
"4167",10.203261930173,10.203261930173,10.203261930173,10.203261930173
"4168",5.36419470393071,5.36419470393071,5.36419470393071,5.36419470393071
"4169",13.6546763499254,13.6546763499254,13.6546763499254,13.6546763499254
"4170",12.1976656388529,12.1976656388529,12.1976656388529,12.1976656388529
"4171",3.6498291171541,3.6498291171541,3.6498291171541,3.6498291171541
"4172",2.43913875170062,2.43913875170062,2.43913875170062,2.43913875170062
"4173",8.47453873394594,8.57023659118076,8.66690104743812,8.76454186587989
"4174",4.65326690215647,4.65326690215647,4.65326690215647,4.65326690215647
"4175",3.54828003372438,3.54828003372438,3.54828003372438,3.54828003372438
"4176",27.6256344274514,27.6256344274514,27.6256344274514,27.6256344274514
"4177",10.3305284825135,10.3305284825135,10.3305284825135,10.3305284825135
"4178",18.9149581775672,18.9149581775672,18.9149581775672,18.9149581775672
"4179",7.47881472302478,7.47881472302478,7.47881472302478,7.47881472302478
"4180",25.9615450581325,26.4082303396336,26.8623160776099,27.3239248790923
"4181",14.9673650369474,14.9673650369474,14.9673650369474,14.9673650369474
"4182",47.1432456592727,48.0617312206898,48.9977398160232,49.9516057528883
"4183",11.3267362954254,11.3267362954254,11.3267362954254,11.3267362954254
"4184",30.2108165391472,30.2108165391472,30.2108165391472,30.2108165391472
"4185",7.78748439200769,7.78748439200769,7.78748439200769,7.78748439200769
"4186",7.31591089116704,7.31591089116704,7.31591089116704,7.31591089116704
"4187",11.4895580771811,11.6995746444651,11.9131227184894,12.1302616828542
"4188",4.56284772278603,4.56284772278603,4.56284772278603,4.56284772278603
"4189",46.4855677782972,46.4855677782972,46.4855677782972,46.4855677782972
"4190",50.5647696640978,51.2460598712279,51.9363515021859,52.6357634866585
"4191",42.057170447336,42.057170447336,42.057170447336,42.057170447336
"4192",81.3617781731111,81.5476675677466,81.7245278833413,81.8927789530623
"4193",33.9112749784081,33.9112749784081,33.9112749784081,33.9112749784081
"4194",24.7134935653353,24.7134935653353,24.7134935653353,24.7134935653353
"4195",31.2272912480157,31.2272912480157,31.2272912480157,31.2272912480157
"4196",33.2004045526151,33.2004045526151,33.2004045526151,33.2004045526151
"4197",43.4113691328795,43.4113691328795,43.4113691328795,43.4113691328795
"4198",131.444963296717,131.444963296717,131.444963296717,131.444963296717
"4199",71.0487533665274,71.0487533665274,71.0487533665274,71.0487533665274
"4200",71.6257976798282,71.6257976798282,71.6257976798282,71.6257976798282
"4201",91.6372322771207,92.3438191622998,93.0557955114562,93.7732024325167
"4202",54.1569986397542,54.1677003517663,54.1772242922701,54.1856999090691
"4203",105.817850931786,105.817850931786,105.817850931786,105.817850931786
"4204",91.3133009981508,92.4756212262203,93.652576271786,94.8443504023827
"4205",67.8871752457144,67.8871752457144,67.8871752457144,67.8871752457144
"4206",41.7398943688505,41.7398943688505,41.7398943688505,41.7398943688505
"4207",37.2891656714765,37.2891656714765,37.2891656714765,37.2891656714765
"4208",84.2583284988925,84.2583284988925,84.2583284988925,84.2583284988925
"4209",69.5956765338175,69.5956765338175,69.5956765338175,69.5956765338175
"4210",11.3364565618772,11.3364565618772,11.3364565618772,11.3364565618772
"4211",66.208853914325,66.208853914325,66.208853914325,66.208853914325
"4212",109.106563286484,109.106563286484,109.106563286484,109.106563286484
"4213",97.8429206639999,97.8429206639999,97.8429206639999,97.8429206639999
"4214",76.1179900645808,76.1179900645808,76.1179900645808,76.1179900645808
"4215",80.9681082573133,80.9681082573133,80.9681082573133,80.9681082573133
"4216",44.49602648391,44.49602648391,44.49602648391,44.49602648391
"4217",78.672252692096,78.672252692096,78.672252692096,78.672252692096
"4218",7.79653530272486,7.79653530272486,7.79653530272486,7.79653530272486
"4219",6.53886110175035,6.53886110175035,6.53886110175035,6.53886110175035
"4220",6.4531966043676,6.4531966043676,6.4531966043676,6.4531966043676
"4221",20.7243592745991,20.7834154463682,20.8380326448728,20.8885343030777
"4222",20.8368694242655,20.9403543475825,21.0375887849375,21.1289232330042
"4223",37.4303171451163,38.3238572299901,39.238172940531,40.1737473290712
"4224",17.1075710233496,17.1075710233496,17.1075710233496,17.1075710233496
"4225",7.83662326126307,7.83662326126307,7.83662326126307,7.83662326126307
"4226",8.82528869299765,8.82528869299765,8.82528869299765,8.82528869299765
"4227",7.54013859760276,7.54630458503856,7.55184755502267,7.5568301108575
"4228",21.04022299527,21.04022299527,21.04022299527,21.04022299527
"4229",33.9183568267173,33.9183568267173,33.9183568267173,33.9183568267173
"4230",10.4522790380786,10.4522790380786,10.4522790380786,10.4522790380786
"4231",12.5395145755836,12.5395145755836,12.5395145755836,12.5395145755836
"4232",14.3014645405354,14.3202611795132,14.3373795066485,14.3529677237571
"4233",4.09624622571189,4.09624622571189,4.09624622571189,4.09624622571189
"4234",12.9709879284817,12.9709879284817,12.9709879284817,12.9709879284817
"4235",5.34825752041635,5.34825752041635,5.34825752041635,5.34825752041635
"4236",9.27941279151986,9.27941279151986,9.27941279151986,9.27941279151986
"4237",5.52213910733802,5.52213910733802,5.52213910733802,5.52213910733802
"4238",30.8034854339245,31.5416966536735,32.2970429703318,33.0699221176892
"4239",34.6031239078896,34.6031239078896,34.6031239078896,34.6031239078896
"4240",12.1459490977626,12.2295276898766,12.3136376533666,12.3982823665562
"4241",16.2202184170925,16.2202184170925,16.2202184170925,16.2202184170925
"4242",19.5434175030435,20.3193419537283,21.1245730547347,21.9602177176341
"4243",6.30590982024397,6.30590982024397,6.30590982024397,6.30590982024397
"4244",7.4593940551417,7.57844895099574,7.69917938863615,7.82160894911988
"4245",6.18362027181482,6.18362027181482,6.18362027181482,6.18362027181482
"4246",6.71467352792774,6.71467352792774,6.71467352792774,6.71467352792774
"4247",13.2631741607022,13.2631741607022,13.2631741607022,13.2631741607022
"4248",17.3725714551036,17.3725714551036,17.3725714551036,17.3725714551036
"4249",19.6498888416384,19.6498888416384,19.6498888416384,19.6498888416384
"4250",6.51564206713884,6.51564206713884,6.51564206713884,6.51564206713884
"4251",12.9237080733756,12.9237080733756,12.9237080733756,12.9237080733756
"4252",127.521368143495,127.521368143495,127.521368143495,127.521368143495
"4253",296.685400539984,296.685400539984,296.685400539984,296.685400539984
"4254",318.173481754715,318.173481754715,318.173481754715,318.173481754715
"4255",79.9435148351259,79.9435148351259,79.9435148351259,79.9435148351259
"4256",228.075167702114,228.075167702114,228.075167702114,228.075167702114
"4257",230.749501722874,230.749501722874,230.749501722874,230.749501722874
"4258",22.731223223552,22.5766038154043,22.4229918210402,22.2703806767135
"4259",33.3016342496313,33.3016342496313,33.3016342496313,33.3016342496313
"4260",28.1551081780846,28.1551081780846,28.1551081780846,28.1551081780846
"4261",28.9935368885161,28.9935368885161,28.9935368885161,28.9935368885161
"4262",23.051109098937,23.051109098937,23.051109098937,23.051109098937
"4263",29.1379930050401,29.1379930050401,29.1379930050401,29.1379930050401
"4264",17.7474724871733,17.7713655764037,17.7933446841969,17.8135611253991
"4265",9.23734437929142,9.35632233633739,9.47225223220371,9.58516525857809
"4266",5.39925779722181,5.39925779722181,5.39925779722181,5.39925779722181
"4267",5.27680607647529,5.27680607647529,5.27680607647529,5.27680607647529
"4268",10.3589789327077,10.3589789327077,10.3589789327077,10.3589789327077
"4269",4.29059540256022,4.29059540256022,4.29059540256022,4.29059540256022
"4270",3.00941288058329,3.00941288058329,3.00941288058329,3.00941288058329
"4271",5.49886377189258,5.49886377189258,5.49886377189258,5.49886377189258
"4272",18.1133238032463,18.1133238032463,18.1133238032463,18.1133238032463
"4273",4.00756736663344,4.00756736663344,4.00756736663344,4.00756736663344
"4274",11.7781296833743,11.7781296833743,11.7781296833743,11.7781296833743
"4275",11.735217469071,11.735217469071,11.735217469071,11.735217469071
"4276",6.69113590355657,6.69113590355657,6.69113590355657,6.69113590355657
"4277",17.7789138102217,17.7789138102217,17.7789138102217,17.7789138102217
"4278",6.11146215144792,6.11146215144792,6.11146215144792,6.11146215144792
"4279",8.20469084208411,8.20469084208411,8.20469084208411,8.20469084208411
"4280",12.5339847867179,12.5339847867179,12.5339847867179,12.5339847867179
"4281",8.50089289170018,8.50089289170018,8.50089289170018,8.50089289170018
"4282",5.64891197190296,5.64891197190296,5.64891197190296,5.64891197190296
"4283",13.875771375154,14.0648080392029,14.2562469222328,14.4501185508935
"4284",8.65677716902212,8.65677716902212,8.65677716902212,8.65677716902212
"4285",11.1044806463959,11.105725752189,11.1067284802856,11.1075359983798
"4286",8.56504212776805,8.67619167198436,8.78863281753546,8.90238057333585
"4287",3.82407335863092,3.82407335863092,3.82407335863092,3.82407335863092
"4288",22.40543162568,22.40543162568,22.40543162568,22.40543162568
"4289",9.06627055467585,9.23077427124776,9.39796631937394,9.56789063196178
"4290",12.6850615082177,12.6850615082177,12.6850615082177,12.6850615082177
"4291",5.18425396974576,5.18425396974576,5.18425396974576,5.18425396974576
"4292",6.65062622672527,6.65062622672527,6.65062622672527,6.65062622672527
"4293",9.8314937618783,9.8314937618783,9.8314937618783,9.8314937618783
"4294",11.8543074152211,11.8543074152211,11.8543074152211,11.8543074152211
"4295",75.5288478146224,75.5897223449654,75.646225506903,75.6986682917107
"4296",57.6771149287998,57.6771149287998,57.6771149287998,57.6771149287998
"4297",79.0763393753914,79.213347775619,79.3430467662822,79.4658150943736
"4298",72.4002107446097,73.345290575091,74.302538979435,75.2721126366703
"4299",10.0001622867996,10.0645890580628,10.1293931700185,10.1945768327107
"4300",3.46840559900411,3.42294759782171,3.37795205015336,3.33341425136518
"4301",33.6620898469239,33.6620898469239,33.6620898469239,33.6620898469239
"4302",26.1099576237262,26.1099576237262,26.1099576237262,26.1099576237262
"4303",19.866962739664,19.866962739664,19.866962739664,19.866962739664
"4304",10.2746065775306,10.2746065775306,10.2746065775306,10.2746065775306
"4305",18.4084563664657,18.4084563664657,18.4084563664657,18.4084563664657
"4306",4.64160006069986,4.7189292804845,4.7973184492496,4.87678209567971
"4307",11.6048123799266,11.6048123799266,11.6048123799266,11.6048123799266
"4308",3.34369428270927,3.34369428270927,3.34369428270927,3.34369428270927
"4309",40.9312180545632,40.9312180545632,40.9312180545632,40.9312180545632
"4310",51.3936418080157,51.3936418080157,51.3936418080157,51.3936418080157
"4311",26.5249673009067,26.5249673009067,26.5249673009067,26.5249673009067
"4312",41.8680876806536,41.8680876806536,41.8680876806536,41.8680876806536
"4313",37.2218627550472,37.2218627550472,37.2218627550472,37.2218627550472
"4314",31.439381541031,31.439381541031,31.439381541031,31.439381541031
"4315",25.8697182792723,25.8697182792723,25.8697182792723,25.8697182792723
"4316",85.003383917823,85.1475182035711,85.2831552943728,85.4107835930261
"4317",21.6042963170167,21.6042963170167,21.6042963170167,21.6042963170167
"4318",8.15146081845361,8.15146081845361,8.15146081845361,8.15146081845361
"4319",52.6470173847399,54.4649655447571,56.34451890994,58.2877651092907
"4320",23.565242763023,23.565242763023,23.565242763023,23.565242763023
"4321",11.0996180428502,11.0996180428502,11.0996180428502,11.0996180428502
"4322",16.5566560824297,16.5566560824297,16.5566560824297,16.5566560824297
"4323",11.1127181906613,11.1127181906613,11.1127181906613,11.1127181906613
"4324",3.96821075666932,3.96821075666932,3.96821075666932,3.96821075666932
"4325",12.7620859998289,12.7620859998289,12.7620859998289,12.7620859998289
"4326",15.7150226325658,15.7150226325658,15.7150226325658,15.7150226325658
"4327",7.36171082512246,7.36171082512246,7.36171082512246,7.36171082512246
"4328",4.81928940610795,4.81928940610795,4.81928940610795,4.81928940610795
"4329",13.1690517950477,13.3330328887959,13.4989117664958,13.666710391557
"4330",48.011871936648,48.011871936648,48.011871936648,48.011871936648
"4331",46.1248950236014,46.6280751397222,47.1366280047718,47.6506109867385
"4332",7.73387340572834,7.73387340572834,7.73387340572834,7.73387340572834
"4333",170.630551898257,170.630551898257,170.630551898257,170.630551898257
"4334",101.058119523096,101.058119523096,101.058119523096,101.058119523096
"4335",29.5046284798286,29.5046284798286,29.5046284798286,29.5046284798286
"4336",30.643217381878,30.643217381878,30.643217381878,30.643217381878
"4337",35.9372994753845,36.2790385259476,36.6239393013887,36.9720310535718
"4338",25.8121512403958,25.8121512403958,25.8121512403958,25.8121512403958
"4339",26.3771042181397,26.3771042181397,26.3771042181397,26.3771042181397
"4340",38.2877720907151,38.6325956753434,38.9804457310131,39.3313488206608
"4341",6.95355679016862,6.95355679016862,6.95355679016862,6.95355679016862
"4342",17.0824895267823,17.0824895267823,17.0824895267823,17.0824895267823
"4343",8.75083416735627,8.90756932756185,9.06682385278001,9.22863823934902
"4344",6.98393550018442,6.98393550018442,6.98393550018442,6.98393550018442
"4345",7.80886549297635,7.80886549297635,7.80886549297635,7.80886549297635
"4346",31.9382063437942,31.9382063437942,31.9382063437942,31.9382063437942
"4347",7.25819107646666,7.26534442706883,7.27189926622477,7.27790525008035
"4348",7.79558833179735,7.79558833179735,7.79558833179735,7.79558833179735
"4349",9.47584847562438,9.47584847562438,9.47584847562438,9.47584847562438
"4350",6.27004453184555,6.27004453184555,6.27004453184555,6.27004453184555
"4351",27.2596473041816,27.2596473041816,27.2596473041816,27.2596473041816
"4352",23.7046161700635,23.7046161700635,23.7046161700635,23.7046161700635
"4353",54.9015593545183,54.9015593545183,54.9015593545183,54.9015593545183
"4354",33.3527071291776,33.3527071291776,33.3527071291776,33.3527071291776
"4355",85.0472519295045,85.0472519295045,85.0472519295045,85.0472519295045
"4356",40.0807524498644,40.0807524498644,40.0807524498644,40.0807524498644
"4357",60.7572453051626,60.7572453051626,60.7572453051626,60.7572453051626
"4358",34.5713236325144,34.5713236325144,34.5713236325144,34.5713236325144
"4359",97.1247826633563,97.141847142727,97.1569325640041,97.170268195398
"4360",14.3272071333554,14.3272071333554,14.3272071333554,14.3272071333554
"4361",12.8287351933943,12.8287351933943,12.8287351933943,12.8287351933943
"4362",12.6452919445525,12.6452919445525,12.6452919445525,12.6452919445525
"4363",5.3119120762875,5.39010704613105,5.46927073246414,5.54941513620754
"4364",5.68436390687898,5.68436390687898,5.68436390687898,5.68436390687898
"4365",11.1250434315567,11.1260025275753,11.1267726145091,11.1273909316939
"4366",4.6959179772049,4.6959179772049,4.6959179772049,4.6959179772049
"4367",5.14708197612821,5.14708197612821,5.14708197612821,5.14708197612821
"4368",7.88536267588341,7.88536267588341,7.88536267588341,7.88536267588341
"4369",13.589419331569,13.589419331569,13.589419331569,13.589419331569
"4370",19.403883711536,19.6228352811314,19.8441363931231,20.0678122601619
"4371",10.1581225837081,10.1581225837081,10.1581225837081,10.1581225837081
"4372",72.5851140443199,72.5851140443199,72.5851140443199,72.5851140443199
"4373",38.1565981106345,38.1565981106345,38.1565981106345,38.1565981106345
"4374",50.0397387262435,50.0397387262435,50.0397387262435,50.0397387262435
"4375",33.7641281978352,33.7641281978352,33.7641281978352,33.7641281978352
"4376",3.55217005140257,3.55217005140257,3.55217005140257,3.55217005140257
"4377",13.5873096098377,13.5873096098377,13.5873096098377,13.5873096098377
"4378",7.30081238924112,7.30081238924112,7.30081238924112,7.30081238924112
"4379",4.88779346966702,4.88779346966702,4.88779346966702,4.88779346966702
"4380",8.99520804141874,8.99520804141874,8.99520804141874,8.99520804141874
"4381",10.2994372007787,10.2994372007787,10.2994372007787,10.2994372007787
"4382",6.77984877734574,6.77984877734574,6.77984877734574,6.77984877734574
"4383",6.25173808720451,6.25173808720451,6.25173808720451,6.25173808720451
"4384",7.51816488755622,7.51816488755622,7.51816488755622,7.51816488755622
"4385",3.47544404738924,3.47544404738924,3.47544404738924,3.47544404738924
"4386",6.54384329942256,6.54384329942256,6.54384329942256,6.54384329942256
"4387",9.93668296021273,9.93668296021273,9.93668296021273,9.93668296021273
"4388",28.8306707412329,28.8306707412329,28.8306707412329,28.8306707412329
"4389",40.4912653913554,40.4912653913554,40.4912653913554,40.4912653913554
"4390",75.0382255754234,75.0382255754234,75.0382255754234,75.0382255754234
"4391",32.4413032967219,32.4413032967219,32.4413032967219,32.4413032967219
"4392",24.2152591703128,24.2152591703128,24.2152591703128,24.2152591703128
"4393",62.7638067183526,62.7638067183526,62.7638067183526,62.7638067183526
"4394",99.5191694638634,99.5191694638634,99.5191694638634,99.5191694638634
"4395",51.4894033448044,51.4894033448044,51.4894033448044,51.4894033448044
"4396",74.3040006998539,74.3972105108493,74.4841834587506,74.5653302686936
"4397",44.1840336799038,44.1864845438714,44.1885293400018,44.1902353329904
"4398",46.3324889757486,46.3324889757486,46.3324889757486,46.3324889757486
"4399",32.2400674099114,32.5841447831197,32.9317837988872,33.2830213247868
"4400",13.5451152983082,13.5451152983082,13.5451152983082,13.5451152983082
"4401",46.8881411587231,46.8881411587231,46.8881411587231,46.8881411587231
"4402",55.4823715134715,55.4823715134715,55.4823715134715,55.4823715134715
"4403",48.4592830716912,48.4592830716912,48.4592830716912,48.4592830716912
"4404",22.5656365959134,22.5656365959134,22.5656365959134,22.5656365959134
"4405",72.1081405786442,72.1081405786442,72.1081405786442,72.1081405786442
"4406",34.3522093101878,34.3522093101878,34.3522093101878,34.3522093101878
"4407",102.760440659939,102.760440659939,102.760440659939,102.760440659939
"4408",86.4258667195142,86.4258667195142,86.4258667195142,86.4258667195142
"4409",12.8393262469806,12.8393262469806,12.8393262469806,12.8393262469806
"4410",47.0520124299026,47.0520124299026,47.0520124299026,47.0520124299026
"4411",53.2431601804059,53.2431601804059,53.2431601804059,53.2431601804059
"4412",42.5220797097236,42.5220797097236,42.5220797097236,42.5220797097236
"4413",22.1204081963541,22.1204081963541,22.1204081963541,22.1204081963541
"4414",114.733199803422,114.733199803422,114.733199803422,114.733199803422
"4415",28.7295172835406,28.7393440996871,28.7480972448138,28.7558937606773
"4416",135.735794641956,135.735794641956,135.735794641956,135.735794641956
"4417",131.898715202973,131.898715202973,131.898715202973,131.898715202973
"4418",10.4707860350698,10.4707860350698,10.4707860350698,10.4707860350698
"4419",29.1213627306159,29.1213627306159,29.1213627306159,29.1213627306159
"4420",117.785307784657,117.785307784657,117.785307784657,117.785307784657
"4421",45.6768737760253,45.6768737760253,45.6768737760253,45.6768737760253
"4422",84.2802557083189,84.2802557083189,84.2802557083189,84.2802557083189
"4423",28.7298939526477,28.8326389477608,28.9303553837079,29.0232730917455
"4424",106.781372986584,106.781372986584,106.781372986584,106.781372986584
"4425",22.1681266779424,22.7987628693375,23.4465649719616,24.1120002417577
"4426",10.1529065934462,10.1529065934462,10.1529065934462,10.1529065934462
"4427",6.74011308908057,6.74011308908057,6.74011308908057,6.74011308908057
"4428",9.80520878899308,9.97993553647029,10.1574877209085,10.3379110313287
"4429",10.6190386881471,10.6190386881471,10.6190386881471,10.6190386881471
"4430",5.29393611360474,5.29393611360474,5.29393611360474,5.29393611360474
"4431",4.75971452810461,4.75971452810461,4.75971452810461,4.75971452810461
"4432",8.85362847038554,8.85362847038554,8.85362847038554,8.85362847038554
"4433",7.35152231075635,7.35152231075635,7.35152231075635,7.35152231075635
"4434",10.3753693099505,10.3753693099505,10.3753693099505,10.3753693099505
"4435",5.91819985685122,5.91819985685122,5.91819985685122,5.91819985685122
"4436",25.421258040042,25.421258040042,25.421258040042,25.421258040042
"4437",6.1822406765032,6.1822406765032,6.1822406765032,6.1822406765032
"4438",136.697815200077,136.697815200077,136.697815200077,136.697815200077
"4439",40.8473793959182,40.8473793959182,40.8473793959182,40.8473793959182
"4440",520.884807644126,527.260861603263,533.714814101493,540.247616853219
"4441",597.057200276019,597.057200276019,597.057200276019,597.057200276019
"4442",15.5168585740293,15.5168585740293,15.5168585740293,15.5168585740293
"4443",15.6682474497725,15.6682474497725,15.6682474497725,15.6682474497725
"4444",217.242030506599,217.242030506599,217.242030506599,217.242030506599
"4445",110.29357382619,110.29357382619,110.29357382619,110.29357382619
"4446",544.089204034726,544.089204034726,544.089204034726,544.089204034726
"4447",84.0446393653336,84.0446393653336,84.0446393653336,84.0446393653336
"4448",39.6070548895264,39.6070548895264,39.6070548895264,39.6070548895264
"4449",26.3128532092181,26.2324913989867,26.1559869551453,26.0831452311212
"4450",485.980252089737,494.403249669186,502.971934651603,511.688826902293
"4451",26.7150895366673,26.7150895366673,26.7150895366673,26.7150895366673
"4452",25.9106674768899,25.9106674768899,25.9106674768899,25.9106674768899
"4453",147.413085313465,147.413085313465,147.413085313465,147.413085313465
"4454",251.554577430998,251.554577430998,251.554577430998,251.554577430998
"4455",21.3163986200865,21.3163986200865,21.3163986200865,21.3163986200865
"4456",8.50213768685197,8.50213768685197,8.50213768685197,8.50213768685197
"4457",37.6782433225077,38.1808325771039,38.6899525305412,39.2056880434226
"4458",43.5960499862278,43.5960499862278,43.5960499862278,43.5960499862278
"4459",12.3118976644919,12.3118976644919,12.3118976644919,12.3118976644919
"4460",32.4518385075837,32.6614128827477,32.8723002326446,33.0845087830063
"4461",25.9118307880677,25.9118307880677,25.9118307880677,25.9118307880677
"4462",22.4127115671402,22.9083430042076,23.4144666271419,23.9313045484969
"4463",16.4931560845099,16.3181518728416,16.1448984301,15.9733782413247
"4464",17.260024955749,17.260024955749,17.260024955749,17.260024955749
"4465",16.1402575758271,16.1402575758271,16.1402575758271,16.1402575758271
"4466",12.9029153983199,12.9029153983199,12.9029153983199,12.9029153983199
"4467",6.23203432629518,6.23203432629518,6.23203432629518,6.23203432629518
"4468",3.8807756279588,3.82471948970886,3.76930716114718,3.71453124806275
"4469",4.67732665492732,4.67732665492732,4.67732665492732,4.67732665492732
"4470",18.0222950245184,18.0222950245184,18.0222950245184,18.0222950245184
"4471",17.1531803090338,17.1531803090338,17.1531803090338,17.1531803090338
"4472",13.4054085263174,13.4054085263174,13.4054085263174,13.4054085263174
"4473",5.94429350183858,5.94429350183858,5.94429350183858,5.94429350183858
"4474",9.06033965327403,9.15687512808667,9.25433692330383,9.35273392756976
"4475",4.16724044813493,4.16724044813493,4.16724044813493,4.16724044813493
"4476",12.1567505979598,12.1567505979598,12.1567505979598,12.1567505979598
"4477",3.10792456454741,3.10792456454741,3.10792456454741,3.10792456454741
"4478",7.02527628733905,7.02527628733905,7.02527628733905,7.02527628733905
"4479",7.94526268118496,7.82717286150016,7.71064199050253,7.59564948791668
"4480",5.70586536543222,5.70586536543222,5.70586536543222,5.70586536543222
"4481",10.9095339153574,11.0586542528847,11.2096417394727,11.3625197538616
"4482",12.011911606772,12.011911606772,12.011911606772,12.011911606772
"4483",12.5629577640807,12.5629577640807,12.5629577640807,12.5629577640807
"4484",11.4741147292531,11.4741147292531,11.4741147292531,11.4741147292531
"4485",9.22163368581097,9.22163368581097,9.22163368581097,9.22163368581097
"4486",6.32829957646525,6.32829957646525,6.32829957646525,6.32829957646525
"4487",6.00384063152603,6.00384063152603,6.00384063152603,6.00384063152603
"4488",5.14011486224705,5.06861210330674,4.99794200705285,4.92809487697632
"4489",8.26744536497849,8.26744536497849,8.26744536497849,8.26744536497849
"4490",3.28805279440216,3.28805279440216,3.28805279440216,3.28805279440216
"4491",8.12406789910427,8.23985887249327,8.35711931648097,8.47586787970448
"4492",6.91871002486215,6.91871002486215,6.91871002486215,6.91871002486215
"4493",7.06991060027599,7.06991060027599,7.06991060027599,7.06991060027599
"4494",15.2127670163493,15.2127670163493,15.2127670163493,15.2127670163493
"4495",10.1145822396254,10.1145822396254,10.1145822396254,10.1145822396254
"4496",12.5606281878842,12.5606281878842,12.5606281878842,12.5606281878842
"4497",11.6836631868532,11.6836631868532,11.6836631868532,11.6836631868532
"4498",11.1558342210911,11.1558342210911,11.1558342210911,11.1558342210911
"4499",9.66054114709442,9.56003264192914,9.46047173965486,9.36184950618945
"4500",15.6572371470616,15.6572371470616,15.6572371470616,15.6572371470616
"4501",11.1848966358745,11.2974671539623,11.4110776580198,11.5257377559871
"4502",9.94366799585771,9.94366799585771,9.94366799585771,9.94366799585771
"4503",6.91663403330612,6.91663403330612,6.91663403330612,6.91663403330612
"4504",9.71100804624337,9.71100804624337,9.71100804624337,9.71100804624337
"4505",11.6278648475007,11.6278648475007,11.6278648475007,11.6278648475007
"4506",25.8288809735516,25.8444878138161,25.8584755399745,25.8710114048764
"4507",20.3367973568453,20.703444860287,21.0763927653088,21.4557493368236
"4508",10.7729321191893,10.7729321191893,10.7729321191893,10.7729321191893
"4509",66.5696755789541,66.5696755789541,66.5696755789541,66.5696755789541
"4510",18.5218974725764,18.5218974725764,18.5218974725764,18.5218974725764
"4511",27.2950869733039,27.2950869733039,27.2950869733039,27.2950869733039
"4512",33.3563511609357,33.3563511609357,33.3563511609357,33.3563511609357
"4513",19.0652695577472,19.0652695577472,19.0652695577472,19.0652695577472
"4514",36.8999810881142,36.8999810881142,36.8999810881142,36.8999810881142
"4515",26.5521076201922,26.5521076201922,26.5521076201922,26.5521076201922
"4516",13.0156810040803,13.1399957668174,13.2602939765902,13.3766644829988
"4517",26.008138947241,26.008138947241,26.008138947241,26.008138947241
"4518",28.7354860604049,28.7354860604049,28.7354860604049,28.7354860604049
"4519",24.2897533637742,24.2897533637742,24.2897533637742,24.2897533637742
"4520",28.522264119255,28.9591349345452,29.402470569352,29.8523666901514
"4521",22.0673525029101,22.0673525029101,22.0673525029101,22.0673525029101
"4522",16.3782570950141,16.3782570950141,16.3782570950141,16.3782570950141
"4523",14.767534273879,14.767534273879,14.767534273879,14.767534273879
"4524",44.1807112995494,45.217854058237,46.2788048772884,47.364110281021
"4525",20.4847945553903,20.4847945553903,20.4847945553903,20.4847945553903
"4526",24.3911620505914,24.3911620505914,24.3911620505914,24.3911620505914
"4527",14.0596501109258,14.0596501109258,14.0596501109258,14.0596501109258
"4528",15.0163679780558,15.0163679780558,15.0163679780558,15.0163679780558
"4529",31.2290323387125,31.4607199725243,31.694073159279,31.9291038722812
"4530",17.8586786779564,17.8586786779564,17.8586786779564,17.8586786779564
"4531",22.0001924245767,22.0001924245767,22.0001924245767,22.0001924245767
"4532",23.8564972336211,23.8564972336211,23.8564972336211,23.8564972336211
"4533",19.3346358071571,19.3346358071571,19.3346358071571,19.3346358071571
"4534",42.5473941784465,42.5473941784465,42.5473941784465,42.5473941784465
"4535",21.1808859999132,21.1808859999132,21.1808859999132,21.1808859999132
"4536",26.3937750420667,26.3937750420667,26.3937750420667,26.3937750420667
"4537",26.2463091992295,26.2463091992295,26.2463091992295,26.2463091992295
"4538",33.8787037244209,33.8787037244209,33.8787037244209,33.8787037244209
"4539",21.5531906725193,21.5531906725193,21.5531906725193,21.5531906725193
"4540",19.627566422732,19.627566422732,19.627566422732,19.627566422732
"4541",20.9418554242887,20.9418554242887,20.9418554242887,20.9418554242887
"4542",22.5255059904595,22.5255059904595,22.5255059904595,22.5255059904595
"4543",4.02379626291053,4.02379626291053,4.02379626291053,4.02379626291053
"4544",2.9334582151921,2.9334582151921,2.9334582151921,2.9334582151921
"4545",10.7329565888589,10.7329565888589,10.7329565888589,10.7329565888589
"4546",10.1797567775981,10.1797567775981,10.1797567775981,10.1797567775981
"4547",12.6120514657928,12.6120514657928,12.6120514657928,12.6120514657928
"4548",7.74608074221837,7.74608074221837,7.74608074221837,7.74608074221837
"4549",9.74101845495856,9.74101845495856,9.74101845495856,9.74101845495856
"4550",14.2634085415672,14.2634085415672,14.2634085415672,14.2634085415672
"4551",10.6650594490456,10.6650594490456,10.6650594490456,10.6650594490456
"4552",5.09712798890552,5.09712798890552,5.09712798890552,5.09712798890552
"4553",6.52302036014681,6.52302036014681,6.52302036014681,6.52302036014681
"4554",8.88949403369378,8.88949403369378,8.88949403369378,8.88949403369378
"4555",7.08349755409858,7.08349755409858,7.08349755409858,7.08349755409858
"4556",5.27342858258331,5.27342858258331,5.27342858258331,5.27342858258331
"4557",33.4864507148044,33.4864507148044,33.4864507148044,33.4864507148044
"4558",5.39758906830648,5.39758906830648,5.39758906830648,5.39758906830648
"4559",7.60574541570738,7.60574541570738,7.60574541570738,7.60574541570738
"4560",8.53846553292658,8.53846553292658,8.53846553292658,8.53846553292658
"4561",8.46047364381667,8.46047364381667,8.46047364381667,8.46047364381667
"4562",23.0509979104741,23.5752824043368,24.1109957059157,24.6583869502652
"4563",3.41196162714752,3.41196162714752,3.41196162714752,3.41196162714752
"4564",21.0414230361921,21.2268528857997,21.4138427176765,21.6024056556248
"4565",12.2792287387489,12.2792287387489,12.2792287387489,12.2792287387489
"4566",14.9025953858698,14.9025953858698,14.9025953858698,14.9025953858698
"4567",22.9672518951081,22.9672518951081,22.9672518951081,22.9672518951081
"4568",21.8930390752453,21.3181310964618,20.809238964996,20.3577637116591
"4569",17.5223114739314,17.5223114739314,17.5223114739314,17.5223114739314
"4570",26.0195139090698,26.0454365350022,26.0691127863481,26.0907355921062
"4571",12.9292410149636,12.9292410149636,12.9292410149636,12.9292410149636
"4572",6.11360248743215,6.11360248743215,6.11360248743215,6.11360248743215
"4573",15.3645669070543,15.3645669070543,15.3645669070543,15.3645669070543
"4574",5.65555832833866,5.65555832833866,5.65555832833866,5.65555832833866
"4575",4.80879704407372,4.80879704407372,4.80879704407372,4.80879704407372
"4576",6.9494263203471,6.9494263203471,6.9494263203471,6.9494263203471
"4577",27.3672189270696,27.3672189270696,27.3672189270696,27.3672189270696
"4578",30.9429147749464,30.9429147749464,30.9429147749464,30.9429147749464
"4579",31.7558821021918,31.7558821021918,31.7558821021918,31.7558821021918
"4580",26.1034926850706,26.1034926850706,26.1034926850706,26.1034926850706
"4581",14.2923012240635,14.2923012240635,14.2923012240635,14.2923012240635
"4582",29.2696775687119,29.2696775687119,29.2696775687119,29.2696775687119
"4583",22.2442763163792,22.2442763163792,22.2442763163792,22.2442763163792
"4584",28.8806333094896,28.8806333094896,28.8806333094896,28.8806333094896
"4585",16.8480479283629,16.8480479283629,16.8480479283629,16.8480479283629
"4586",4.81592733490582,4.81592733490582,4.81592733490582,4.81592733490582
"4587",13.5916960767376,13.5916960767376,13.5916960767376,13.5916960767376
"4588",14.5265971905416,14.5265971905416,14.5265971905416,14.5265971905416
"4589",19.4839170446386,19.4839170446386,19.4839170446386,19.4839170446386
"4590",9.3402072368941,9.3402072368941,9.3402072368941,9.3402072368941
"4591",45.0085944966395,45.0085944966395,45.0085944966395,45.0085944966395
"4592",34.0693380710866,34.0693380710866,34.0693380710866,34.0693380710866
"4593",37.427031572226,37.427031572226,37.427031572226,37.427031572226
"4594",16.1745720055764,16.4258878245694,16.6808811524317,16.9396058022162
"4595",15.197529336137,15.197529336137,15.197529336137,15.197529336137
"4596",10.5719870991962,10.5719870991962,10.5719870991962,10.5719870991962
"4597",13.3493574112142,13.5629496702974,13.7797212810292,13.9997195685182
"4598",40.5692627788965,40.5692627788965,40.5692627788965,40.5692627788965
"4599",83.6554843244939,83.6554843244939,83.6554843244939,83.6554843244939
"4600",225.578937826836,225.578937826836,225.578937826836,225.578937826836
"4601",356.202971367329,356.202971367329,356.202971367329,356.202971367329
"4602",70.5828730690186,70.5828730690186,70.5828730690186,70.5828730690186
"4603",22.9394011542423,22.7163430056917,22.4953632273273,22.2764424536937
"4604",49.0994949323868,48.1754017161036,47.2683535473509,46.3780360274944
"4605",19.7771038605598,19.7771038605598,19.7771038605598,19.7771038605598
"4606",53.0235963625616,53.0235963625616,53.0235963625616,53.0235963625616
"4607",141.98036695596,141.98036695596,141.98036695596,141.98036695596
"4608",1001.67239288142,1005.8017525018,1009.94811828592,1014.11156027115
"4609",449.867643777655,449.867643777655,449.867643777655,449.867643777655
"4610",40.3206643115707,40.3206643115707,40.3206643115707,40.3206643115707
"4611",107.615123931554,107.196992548989,106.780470830408,106.36555257915
"4612",106.551853381601,106.551853381601,106.551853381601,106.551853381601
"4613",13.3442115971372,13.3442115971372,13.3442115971372,13.3442115971372
"4614",9.24032437695195,9.24032437695195,9.24032437695195,9.24032437695195
"4615",8.92597042915134,8.92597042915134,8.92597042915134,8.92597042915134
"4616",7.66937412924426,7.66937412924426,7.66937412924426,7.66937412924426
"4617",8.52789958530135,8.52789958530135,8.52789958530135,8.52789958530135
"4618",6.07949401025415,6.07949401025415,6.07949401025415,6.07949401025415
"4619",5.57483418915366,5.57483418915366,5.57483418915366,5.57483418915366
"4620",4.63611513210131,4.63611513210131,4.63611513210131,4.63611513210131
"4621",4.05179255897805,4.05179255897805,4.05179255897805,4.05179255897805
"4622",6.3875684595477,6.3875684595477,6.3875684595477,6.3875684595477
"4623",5.64462047365824,5.64462047365824,5.64462047365824,5.64462047365824
"4624",4.35188743384187,4.35188743384187,4.35188743384187,4.35188743384187
"4625",13.8245784773548,13.9993063209268,14.1760935700574,14.3549644976453
"4626",5.81162585898295,5.81162585898295,5.81162585898295,5.81162585898295
"4627",7.30024540456359,7.30024540456359,7.30024540456359,7.30024540456359
"4628",7.21475635675463,7.21475635675463,7.21475635675463,7.21475635675463
"4629",11.3347043131771,11.3347043131771,11.3347043131771,11.3347043131771
"4630",4.40095295185958,4.40095295185958,4.40095295185958,4.40095295185958
"4631",3.91738972045016,3.91738972045016,3.91738972045016,3.91738972045016
"4632",3.77197482532704,3.77197482532704,3.77197482532704,3.77197482532704
"4633",7.80501932128143,7.80501932128143,7.80501932128143,7.80501932128143
"4634",5.62117595527623,5.62117595527623,5.62117595527623,5.62117595527623
"4635",2.71227578055225,2.71227578055225,2.71227578055225,2.71227578055225
"4636",5.32748637888005,5.32748637888005,5.32748637888005,5.32748637888005
"4637",4.31673659967382,4.31673659967382,4.31673659967382,4.31673659967382
"4638",5.54121863944517,5.54121863944517,5.54121863944517,5.54121863944517
"4639",3.06064276723327,3.06064276723327,3.06064276723327,3.06064276723327
"4640",12.9435478690258,12.9435478690258,12.9435478690258,12.9435478690258
"4641",4.57295269426536,4.57295269426536,4.57295269426536,4.57295269426536
"4642",10.1425625592471,10.1425625592471,10.1425625592471,10.1425625592471
"4643",13.3783408576027,13.3783408576027,13.3783408576027,13.3783408576027
"4644",5.22235243053528,5.22235243053528,5.22235243053528,5.22235243053528
"4645",6.52536401850051,6.52536401850051,6.52536401850051,6.52536401850051
"4646",8.06572341273838,8.06572341273838,8.06572341273838,8.06572341273838
"4647",3.17883712189303,3.17883712189303,3.17883712189303,3.17883712189303
"4648",5.8074879850141,5.8074879850141,5.8074879850141,5.8074879850141
"4649",3.61044779050921,3.61044779050921,3.61044779050921,3.61044779050921
"4650",6.08195639627551,6.08195639627551,6.08195639627551,6.08195639627551
"4651",6.98236060226343,6.98236060226343,6.98236060226343,6.98236060226343
"4652",7.15271917405334,7.15271917405334,7.15271917405334,7.15271917405334
"4653",4.15473318859922,4.15473318859922,4.15473318859922,4.15473318859922
"4654",4.30101526309507,4.30101526309507,4.30101526309507,4.30101526309507
"4655",31.93130601529,31.93130601529,31.93130601529,31.93130601529
"4656",16.6729683353711,16.6729683353711,16.6729683353711,16.6729683353711
"4657",22.1678660855287,22.1678660855287,22.1678660855287,22.1678660855287
"4658",29.1763327461891,29.9139835865338,30.6696660666684,31.4438209642831
"4659",12.4367209607076,12.4367209607076,12.4367209607076,12.4367209607076
"4660",19.990213793825,19.990213793825,19.990213793825,19.990213793825
"4661",16.5406433917918,16.5406433917918,16.5406433917918,16.5406433917918
"4662",23.9118667331217,23.9118667331217,23.9118667331217,23.9118667331217
"4663",15.177591402696,15.177591402696,15.177591402696,15.177591402696
"4664",10.3001000815023,10.3001000815023,10.3001000815023,10.3001000815023
"4665",20.1547946056248,20.1547946056248,20.1547946056248,20.1547946056248
"4666",13.7254191654695,13.7254191654695,13.7254191654695,13.7254191654695
"4667",11.9034794143371,11.9034794143371,11.9034794143371,11.9034794143371
"4668",11.1051854923766,11.1051854923766,11.1051854923766,11.1051854923766
"4669",22.8435894863384,23.4088726764231,23.9875575854552,24.5799619410337
"4670",22.4944272507714,22.8737347237198,23.259165953485,23.6508198055001
"4671",16.20424907227,16.2160126603858,16.2266403315139,16.2362411656239
"4672",34.8970135092672,34.8970135092672,34.8970135092672,34.8970135092672
"4673",15.5252386609383,15.5252386609383,15.5252386609383,15.5252386609383
"4674",12.6270542462859,12.6270542462859,12.6270542462859,12.6270542462859
"4675",9.54182154022551,9.54182154022551,9.54182154022551,9.54182154022551
"4676",4.25275137734482,4.25275137734482,4.25275137734482,4.25275137734482
"4677",8.89940799869278,9.09704988708864,9.2986376999331,9.50425021769057
"4678",3.92429037215508,3.92429037215508,3.92429037215508,3.92429037215508
"4679",11.0692956134519,11.0692956134519,11.0692956134519,11.0692956134519
"4680",6.3730626319688,6.3730626319688,6.3730626319688,6.3730626319688
"4681",26.0129901476245,26.0129901476245,26.0129901476245,26.0129901476245
"4682",8.28275635000765,8.21661389915939,8.15094273330874,8.08573949440733
"4683",32.5433744197471,32.5433744197471,32.5433744197471,32.5433744197471
"4684",5.64461577503599,5.64461577503599,5.64461577503599,5.64461577503599
"4685",8.22074137551062,8.32390627063315,8.42822541085942,8.53371171028932
"4686",4.53902527527975,4.53902527527975,4.53902527527975,4.53902527527975
"4687",6.5294315622984,6.5294315622984,6.5294315622984,6.5294315622984
"4688",12.2115674252395,12.2115674252395,12.2115674252395,12.2115674252395
"4689",35.0587153450649,35.9091519533044,36.7796459157151,37.6706702804377
"4690",25.0960271070686,25.0960271070686,25.0960271070686,25.0960271070686
"4691",19.2989239739584,19.2989239739584,19.2989239739584,19.2989239739584
"4692",10.023062012959,10.023062012959,10.023062012959,10.023062012959
"4693",20.2187356131209,20.2187356131209,20.2187356131209,20.2187356131209
"4694",13.8683236492504,13.8683236492504,13.8683236492504,13.8683236492504
"4695",5.8770102416851,5.8770102416851,5.8770102416851,5.8770102416851
"4696",7.43665320469047,7.43665320469047,7.43665320469047,7.43665320469047
"4697",15.9375964225326,15.9375964225326,15.9375964225326,15.9375964225326
"4698",5.63262304549501,5.63262304549501,5.63262304549501,5.63262304549501
"4699",17.9263119445743,17.9263119445743,17.9263119445743,17.9263119445743
"4700",29.9173918876328,30.458696648275,31.009478626302,31.5699037497751
"4701",29.843851898526,29.843851898526,29.843851898526,29.843851898526
"4702",23.8137018205249,23.8137018205249,23.8137018205249,23.8137018205249
"4703",30.1945139755181,30.1945139755181,30.1945139755181,30.1945139755181
"4704",40.869705486103,41.5371108541372,42.2151546998035,42.9040066010104
"4705",19.4763813889972,19.4763813889972,19.4763813889972,19.4763813889972
"4706",36.6658995984657,36.6658995984657,36.6658995984657,36.6658995984657
"4707",4.6000284409847,4.6000284409847,4.6000284409847,4.6000284409847
"4708",13.207519452775,13.207519452775,13.207519452775,13.207519452775
"4709",14.7199501767273,14.7199501767273,14.7199501767273,14.7199501767273
"4710",6.06254160342626,6.06254160342626,6.06254160342626,6.06254160342626
"4711",28.9540216659012,28.9540216659012,28.9540216659012,28.9540216659012
"4712",15.1003539813522,15.1003539813522,15.1003539813522,15.1003539813522
"4713",17.2868233502971,17.2868233502971,17.2868233502971,17.2868233502971
"4714",13.6491635369009,13.6491635369009,13.6491635369009,13.6491635369009
"4715",28.9560290598678,28.9560290598678,28.9560290598678,28.9560290598678
"4716",14.0582772541783,14.0582772541783,14.0582772541783,14.0582772541783
"4717",23.7922579854988,23.7922579854988,23.7922579854988,23.7922579854988
"4718",41.3425149073971,41.3425149073971,41.3425149073971,41.3425149073971
"4719",29.6666087783432,29.979745946565,30.2960805627613,30.6156452761177
"4720",26.0111639503723,26.0111639503723,26.0111639503723,26.0111639503723
"4721",22.6894487420892,22.6894487420892,22.6894487420892,22.6894487420892
"4722",10.5594442956591,9.38317506839933,8.32660098042212,7.37754205962941
"4723",8.01407474517794,8.01407474517794,8.01407474517794,8.01407474517794
"4724",14.667470861179,14.667470861179,14.667470861179,14.667470861179
"4725",18.3116341861232,18.3116341861232,18.3116341861232,18.3116341861232
"4726",30.8544925532195,30.8544925532195,30.8544925532195,30.8544925532195
"4727",18.2171953963888,18.2171953963888,18.2171953963888,18.2171953963888
"4728",32.9272860980447,32.9272860980447,32.9272860980447,32.9272860980447
"4729",31.7798353300244,31.7798353300244,31.7798353300244,31.7798353300244
"4730",10.2399506948505,10.2399506948505,10.2399506948505,10.2399506948505
"4731",7.07810089769489,7.07810089769489,7.07810089769489,7.07810089769489
"4732",18.8131800754757,18.8131800754757,18.8131800754757,18.8131800754757
"4733",27.8420638488074,27.8420638488074,27.8420638488074,27.8420638488074
"4734",3.720311467569,3.720311467569,3.720311467569,3.720311467569
"4735",13.8980282434411,13.8980282434411,13.8980282434411,13.8980282434411
"4736",24.617753475306,24.617753475306,24.617753475306,24.617753475306
"4737",121.535592113006,121.535592113006,121.535592113006,121.535592113006
"4738",270.20629309993,271.459684814124,272.7188691328,273.983872826734
"4739",167.405807174502,167.405807174502,167.405807174502,167.405807174502
"4740",7.07155154957217,7.07155154957217,7.07155154957217,7.07155154957217
"4741",62.4725952855534,61.8013304224313,61.137164631191,60.4800228344311
"4742",260.068699620256,260.068699620256,260.068699620256,260.068699620256
"4743",37.25471008016,37.6469377799334,38.0328567360318,38.4124692616489
"4744",29.1361333540621,29.3159454219849,29.4968303674195,29.6787945918616
"4745",130.106993881848,130.106993881848,130.106993881848,130.106993881848
"4746",16.3833165392897,16.3833165392897,16.3833165392897,16.3833165392897
"4747",19.5736658924761,19.5736658924761,19.5736658924761,19.5736658924761
"4748",99.2406198048783,99.2406198048783,99.2406198048783,99.2406198048783
"4749",249.332092135941,249.332092135941,249.332092135941,249.332092135941
"4750",11.4648291084384,11.4648291084384,11.4648291084384,11.4648291084384
"4751",6.66857467388638,6.19202366601599,5.74508713968356,5.32592475145831
"4752",8.1492408468976,8.1492408468976,8.1492408468976,8.1492408468976
"4753",7.80544233504626,7.80544233504626,7.80544233504626,7.80544233504626
"4754",34.3804828123518,34.3804828123518,34.3804828123518,34.3804828123518
"4755",8.33697721095304,8.33697721095304,8.33697721095304,8.33697721095304
"4756",183.988531345623,183.988531345623,183.988531345623,183.988531345623
"4757",26.8105672449607,26.8105672449607,26.8105672449607,26.8105672449607
"4758",17.2113472997865,17.2113472997865,17.2113472997865,17.2113472997865
"4759",5.47072566598236,5.47072566598236,5.47072566598236,5.47072566598236
"4760",6.21943740964019,6.21943740964019,6.21943740964019,6.21943740964019
"4761",18.5384693784159,18.5384693784159,18.5384693784159,18.5384693784159
"4762",9.88667080561298,9.88667080561298,9.88667080561298,9.88667080561298
"4763",12.4522770218957,12.4522770218957,12.4522770218957,12.4522770218957
"4764",6.62456988860006,6.62456988860006,6.62456988860006,6.62456988860006
"4765",15.3271072190645,15.3271072190645,15.3271072190645,15.3271072190645
"4766",14.8208313199636,14.8208313199636,14.8208313199636,14.8208313199636
"4767",14.1652913828958,14.1652913828958,14.1652913828958,14.1652913828958
"4768",13.6553177529153,13.6553177529153,13.6553177529153,13.6553177529153
"4769",34.3222165808489,34.3222165808489,34.3222165808489,34.3222165808489
"4770",13.6670685622776,13.6670685622776,13.6670685622776,13.6670685622776
"4771",12.6035607516035,12.8868210425555,13.1759795239809,13.4711590110148
"4772",23.0976300455596,23.0976300455596,23.0976300455596,23.0976300455596
"4773",13.6265552161826,13.6265552161826,13.6265552161826,13.6265552161826
"4774",23.0203366036403,23.0203366036403,23.0203366036403,23.0203366036403
"4775",12.4828406544827,12.4828406544827,12.4828406544827,12.4828406544827
"4776",12.3233559990782,12.3233559990782,12.3233559990782,12.3233559990782
"4777",13.4596246664833,13.4596246664833,13.4596246664833,13.4596246664833
"4778",3.66489340223057,3.66489340223057,3.66489340223057,3.66489340223057
"4779",30.1260710636492,30.1260710636492,30.1260710636492,30.1260710636492
"4780",23.6131291592593,23.6131291592593,23.6131291592593,23.6131291592593
"4781",25.7270806816797,25.7270806816797,25.7270806816797,25.7270806816797
"4782",22.4790476524145,22.4790476524145,22.4790476524145,22.4790476524145
"4783",5.76573294925805,5.76573294925805,5.76573294925805,5.76573294925805
"4784",13.5200470299924,13.6616557841679,13.80464559718,13.9490299379948
"4785",12.7889727462945,12.7889727462945,12.7889727462945,12.7889727462945
"4786",21.432906821715,21.432906821715,21.432906821715,21.432906821715
"4787",23.4490374130689,23.4490374130689,23.4490374130689,23.4490374130689
"4788",5.29795467646045,5.29795467646045,5.29795467646045,5.29795467646045
"4789",8.24050415157173,8.24050415157173,8.24050415157173,8.24050415157173
"4790",47.6166459839859,47.6166459839859,47.6166459839859,47.6166459839859
"4791",17.6506600309211,16.2145368684272,14.8889969096608,13.6655251154762
"4792",65.1150685583766,65.1150685583766,65.1150685583766,65.1150685583766
"4793",65.7420831749644,65.7420831749644,65.7420831749644,65.7420831749644
"4794",7.8224188643678,7.8224188643678,7.8224188643678,7.8224188643678
"4795",12.437942631132,12.437942631132,12.437942631132,12.437942631132
"4796",9.09648904810696,9.09648904810696,9.09648904810696,9.09648904810696
"4797",16.3951667980295,16.3960870849209,16.3968622357906,16.3975151346394
"4798",30.6886739851384,30.6886739851384,30.6886739851384,30.6886739851384
"4799",4.62552329888336,4.62552329888336,4.62552329888336,4.62552329888336
"4800",17.8333444567635,17.8333444567635,17.8333444567635,17.8333444567635
"4801",74.2460248763847,74.2460248763847,74.2460248763847,74.2460248763847
"4802",15.8943657794177,15.8943657794177,15.8943657794177,15.8943657794177
"4803",7.31445620133654,7.31445620133654,7.31445620133654,7.31445620133654
"4804",5.67377777413948,5.67377777413948,5.67377777413948,5.67377777413948
"4805",13.6084751852714,13.6084751852714,13.6084751852714,13.6084751852714
"4806",22.136305999922,22.136305999922,22.136305999922,22.136305999922
"4807",12.453438572525,12.453438572525,12.453438572525,12.453438572525
"4808",4.20883615092886,4.20883615092886,4.20883615092886,4.20883615092886
"4809",36.4795835438849,36.4795835438849,36.4795835438849,36.4795835438849
"4810",7.63552590656097,7.63552590656097,7.63552590656097,7.63552590656097
"4811",13.6018319952896,13.6018319952896,13.6018319952896,13.6018319952896
"4812",6.02632509628318,6.02632509628318,6.02632509628318,6.02632509628318
"4813",18.7353811047555,18.7353811047555,18.7353811047555,18.7353811047555
"4814",6.03345642189658,6.03345642189658,6.03345642189658,6.03345642189658
"4815",8.70261499497747,8.70261499497747,8.70261499497747,8.70261499497747
"4816",4.64913034317325,4.64913034317325,4.64913034317325,4.64913034317325
"4817",4.84438045456489,4.84438045456489,4.84438045456489,4.84438045456489
"4818",4.66130195330902,4.66130195330902,4.66130195330902,4.66130195330902
"4819",3.64540507027535,3.64540507027535,3.64540507027535,3.64540507027535
"4820",5.42995941488857,5.42995941488857,5.42995941488857,5.42995941488857
"4821",8.8646282111738,8.70042614063502,8.53895730234706,8.38017620018122
"4822",41.1174673992587,41.1174673992587,41.1174673992587,41.1174673992587
"4823",27.7162731431058,27.7162731431058,27.7162731431058,27.7162731431058
"4824",13.2393533919369,13.2393533919369,13.2393533919369,13.2393533919369
"4825",9.94334901737526,10.0298041255975,10.1169422501182,10.2047687869314
"4826",9.40369798485895,9.40369798485895,9.40369798485895,9.40369798485895
"4827",18.5922012850546,18.5923634534132,18.5924931890678,18.5925969782109
"4828",12.8337819372334,12.834070287813,12.8343169176867,12.8345278627265
"4829",42.9064005737608,42.9064005737608,42.9064005737608,42.9064005737608
"4830",23.872247374184,23.872247374184,23.872247374184,23.872247374184
"4831",34.7949460779575,34.7949460779575,34.7949460779575,34.7949460779575
"4832",17.2947957257007,17.2951776318817,17.2955016184757,17.2957764687167
"4833",6.80486488615502,6.80486488615502,6.80486488615502,6.80486488615502
"4834",29.016243739703,29.4183083797678,29.8257586362405,30.2386666489246
"4835",30.0045232476562,30.0045232476562,30.0045232476562,30.0045232476562
"4836",8.11137133423792,8.20288289277905,8.29531356272936,8.38867257533567
"4837",10.807976979037,10.807976979037,10.807976979037,10.807976979037
"4838",6.35276353331296,6.35276353331296,6.35276353331296,6.35276353331296
"4839",6.21994133065395,6.31007201148125,6.40132784544407,6.49372287847623
"4840",20.8041766900551,20.8041766900551,20.8041766900551,20.8041766900551
"4841",9.57298995913904,9.57298995913904,9.57298995913904,9.57298995913904
"4842",4.98614983304281,4.98614983304281,4.98614983304281,4.98614983304281
"4843",5.68975237872001,5.68975237872001,5.68975237872001,5.68975237872001
"4844",6.99696936629214,6.99696936629214,6.99696936629214,6.99696936629214
"4845",7.22001770497496,7.22001770497496,7.22001770497496,7.22001770497496
"4846",16.4253957683547,16.4253957683547,16.4253957683547,16.4253957683547
"4847",11.5611948376253,11.5611948376253,11.5611948376253,11.5611948376253
"4848",3.38687130538294,3.32086421165659,3.25585029418705,3.19181460913994
"4849",7.18470862377742,7.0734843490381,6.96377153180569,6.85554963246507
"4850",70.62868669018,70.62868669018,70.62868669018,70.62868669018
"4851",14.6014649737427,14.6014649737427,14.6014649737427,14.6014649737427
"4852",8.74245727479127,8.74245727479127,8.74245727479127,8.74245727479127
"4853",19.8640549486709,19.8640549486709,19.8640549486709,19.8640549486709
"4854",13.1523575290267,13.1523575290267,13.1523575290267,13.1523575290267
"4855",17.2920777428766,17.2920777428766,17.2920777428766,17.2920777428766
"4856",15.1858513132551,15.1858513132551,15.1858513132551,15.1858513132551
"4857",29.6892384530876,29.6892384530876,29.6892384530876,29.6892384530876
"4858",26.6935453703952,26.6935453703952,26.6935453703952,26.6935453703952
"4859",13.6466794128771,13.6466794128771,13.6466794128771,13.6466794128771
"4860",24.4548480536219,24.4548480536219,24.4548480536219,24.4548480536219
"4861",6.9893151781496,6.9893151781496,6.9893151781496,6.9893151781496
"4862",3.90027916008896,3.90027916008896,3.90027916008896,3.90027916008896
"4863",6.41709148225681,6.41709148225681,6.41709148225681,6.41709148225681
"4864",5.79467488574587,5.79467488574587,5.79467488574587,5.79467488574587
"4865",12.1874755412164,12.1874755412164,12.1874755412164,12.1874755412164
"4866",21.6315394388419,21.6315394388419,21.6315394388419,21.6315394388419
"4867",12.3840005742863,12.3840005742863,12.3840005742863,12.3840005742863
"4868",9.64306691026606,9.64306691026606,9.64306691026606,9.64306691026606
"4869",8.44099459115937,8.44099459115937,8.44099459115937,8.44099459115937
"4870",9.15460159082206,9.15460159082206,9.15460159082206,9.15460159082206
"4871",9.16699915041116,9.16699915041116,9.16699915041116,9.16699915041116
"4872",24.6174003932403,25.5452479186473,26.5067015483891,27.5029784762587
"4873",7.81279686265021,7.81279686265021,7.81279686265021,7.81279686265021
"4874",6.83411842675866,6.83411842675866,6.83411842675866,6.83411842675866
"4875",13.4783647356719,13.4783647356719,13.4783647356719,13.4783647356719
"4876",8.85068264886798,8.85068264886798,8.85068264886798,8.85068264886798
"4877",4.82269541944131,4.82269541944131,4.82269541944131,4.82269541944131
"4878",20.2586542482735,20.2586542482735,20.2586542482735,20.2586542482735
"4879",6.5312728098538,6.5312728098538,6.5312728098538,6.5312728098538
"4880",22.6650543124775,22.6650543124775,22.6650543124775,22.6650543124775
"4881",59.7359468787038,59.7359468787038,59.7359468787038,59.7359468787038
"4882",7.22408941456959,7.22408941456959,7.22408941456959,7.22408941456959
"4883",10.5050703233176,10.5050703233176,10.5050703233176,10.5050703233176
"4884",678.111501006195,677.505513567413,676.929908854212,676.383140076024
"4885",16.3530831472261,16.3530831472261,16.3530831472261,16.3530831472261
"4886",237.607974348768,238.632331593832,239.661086461265,240.694257830303
"4887",25.9741279851871,26.64788480016,27.3384706390766,28.046305855454
"4888",36.4554739814353,36.4554739814353,36.4554739814353,36.4554739814353
"4889",14.35123873514,14.35123873514,14.35123873514,14.35123873514
"4890",36.1773275075053,36.1773275075053,36.1773275075053,36.1773275075053
"4891",16.5279193834756,16.5279193834756,16.5279193834756,16.5279193834756
"4892",19.953766806597,19.953766806597,19.953766806597,19.953766806597
"4893",5.41181336101147,5.41181336101147,5.41181336101147,5.41181336101147
"4894",8.49150284791816,8.49150284791816,8.49150284791816,8.49150284791816
"4895",7.95865632339793,7.95865632339793,7.95865632339793,7.95865632339793
"4896",14.0355245788373,14.0355245788373,14.0355245788373,14.0355245788373
"4897",10.4460928029486,10.4460928029486,10.4460928029486,10.4460928029486
"4898",9.28214820734151,9.28214820734151,9.28214820734151,9.28214820734151
"4899",24.8382973039045,24.8382973039045,24.8382973039045,24.8382973039045
"4900",9.03346659744524,9.03346659744524,9.03346659744524,9.03346659744524
"4901",24.2058861971463,24.2058861971463,24.2058861971463,24.2058861971463
"4902",8.53049908125827,8.53049908125827,8.53049908125827,8.53049908125827
"4903",6.98218226804419,6.98218226804419,6.98218226804419,6.98218226804419
"4904",101.630429301164,101.630429301164,101.630429301164,101.630429301164
"4905",5.09287697672582,5.0930053191275,5.09310837129251,5.09319111642457
"4906",9.61068958514298,9.51330087925981,9.41680604176827,9.32119686842442
"4907",5.85171015016998,5.85171015016998,5.85171015016998,5.85171015016998
"4908",8.82978458763615,8.82978458763615,8.82978458763615,8.82978458763615
"4909",5.45453558019831,5.45453558019831,5.45453558019831,5.45453558019831
"4910",14.5240001054277,14.5240001054277,14.5240001054277,14.5240001054277
"4911",225.28315569283,226.950326118135,228.62977963724,230.321606747429
"4912",60.1379064252515,60.1379064252515,60.1379064252515,60.1379064252515
"4913",11.1179364180653,11.1179364180653,11.1179364180653,11.1179364180653
"4914",5.7074053689912,5.7074053689912,5.7074053689912,5.7074053689912
"4915",10.8510691864474,10.8510691864474,10.8510691864474,10.8510691864474
"4916",14.0340052148971,14.0340052148971,14.0340052148971,14.0340052148971
"4917",18.4763397105971,18.4763397105971,18.4763397105971,18.4763397105971
"4918",20.2318958915565,20.2318958915565,20.2318958915565,20.2318958915565
"4919",42.2203409620752,42.2203409620752,42.2203409620752,42.2203409620752
"4920",18.9791801782369,18.9791801782369,18.9791801782369,18.9791801782369
"4921",8.01690523518748,8.01690523518748,8.01690523518748,8.01690523518748
"4922",17.3561174632869,17.3561174632869,17.3561174632869,17.3561174632869
"4923",6.58451072879296,6.58451072879296,6.58451072879296,6.58451072879296
"4924",77.2422589788389,77.2422589788389,77.2422589788389,77.2422589788389
"4925",11.8156579053443,11.8156579053443,11.8156579053443,11.8156579053443
"4926",193.928739538067,193.928739538067,193.928739538067,193.928739538067
"4927",15.7648708729797,15.7648708729797,15.7648708729797,15.7648708729797
"4928",32.1188649299084,32.1188649299084,32.1188649299084,32.1188649299084
"4929",741.083328451419,741.083328451419,741.083328451419,741.083328451419
"4930",204.355051370277,202.952625117823,201.55977642083,200.176439871531
"4931",6.82980597363972,6.82980597363972,6.82980597363972,6.82980597363972
"4932",9.13407168748671,9.16068962879927,9.18577537730617,9.2094135232643
"4933",10.5014982369185,10.5014982369185,10.5014982369185,10.5014982369185
"4934",15.2371211389381,15.2371211389381,15.2371211389381,15.2371211389381
"4935",10.3008333383552,10.3008333383552,10.3008333383552,10.3008333383552
"4936",8.0693522499544,8.0693522499544,8.0693522499544,8.0693522499544
"4937",11.8675479384526,11.8675479384526,11.8675479384526,11.8675479384526
"4938",7.02830876830966,7.02830876830966,7.02830876830966,7.02830876830966
"4939",7.32609448375578,7.32609448375578,7.32609448375578,7.32609448375578
"4940",17.8283939637676,17.8283939637676,17.8283939637676,17.8283939637676
"4941",9.85680868756709,9.85680868756709,9.85680868756709,9.85680868756709
"4942",6.51404968414102,6.51404968414102,6.51404968414102,6.51404968414102
"4943",3.79329885151062,3.79329885151062,3.79329885151062,3.79329885151062
"4944",6.16958919793085,6.16958919793085,6.16958919793085,6.16958919793085
"4945",6.73781891771411,6.73781891771411,6.73781891771411,6.73781891771411
"4946",12.4922697871225,12.4922697871225,12.4922697871225,12.4922697871225
"4947",25.499975542759,25.499975542759,25.499975542759,25.499975542759
"4948",15.3441147550303,15.3441147550303,15.3441147550303,15.3441147550303
"4949",17.9557510727013,17.9557510727013,17.9557510727013,17.9557510727013
"4950",9.70402491696806,9.70402491696806,9.70402491696806,9.70402491696806
"4951",14.5670184131997,14.5670184131997,14.5670184131997,14.5670184131997
"4952",4.16113935301058,4.16113935301058,4.16113935301058,4.16113935301058
"4953",45.3799070324329,46.825000169201,48.3151191438277,49.8516668597128
"4954",6.19228011104375,6.19228011104375,6.19228011104375,6.19228011104375
"4955",16.6011361510679,16.6011361510679,16.6011361510679,16.6011361510679
"4956",8.21867109566307,8.21867109566307,8.21867109566307,8.21867109566307
"4957",21.3900510394433,20.6247387945248,19.8855856160233,19.1716973633311
"4958",13.3506188850718,13.3506188850718,13.3506188850718,13.3506188850718
"4959",7.36211682202342,7.36211682202342,7.36211682202342,7.36211682202342
"4960",8.32770685469138,8.32770685469138,8.32770685469138,8.32770685469138
"4961",12.2453538358988,12.2453538358988,12.2453538358988,12.2453538358988
"4962",15.1479324206144,15.1479324206144,15.1479324206144,15.1479324206144
"4963",8.92475632122854,9.11325955495806,9.30534307499148,9.50107488254961
"4964",23.9195057836475,23.9195057836475,23.9195057836475,23.9195057836475
"4965",7.24392502936288,7.24392502936288,7.24392502936288,7.24392502936288
"4966",19.4054754322848,19.4054754322848,19.4054754322848,19.4054754322848
"4967",8.49248446738538,8.63077790526427,8.77108610282237,8.91343841254831
"4968",4.39482568298368,4.39482568298368,4.39482568298368,4.39482568298368
"4969",4.8825492719217,4.8825492719217,4.8825492719217,4.8825492719217
"4970",5.74052104583544,5.74052104583544,5.74052104583544,5.74052104583544
"4971",4.52533799269939,4.52533799269939,4.52533799269939,4.52533799269939
"4972",13.5274499029667,13.5274499029667,13.5274499029667,13.5274499029667
"4973",16.0126872482061,16.0126872482061,16.0126872482061,16.0126872482061
"4974",8.96653351909593,8.96653351909593,8.96653351909593,8.96653351909593
"4975",4.14080687884654,4.14080687884654,4.14080687884654,4.14080687884654
"4976",20.8259857809703,20.8259857809703,20.8259857809703,20.8259857809703
"4977",14.9949957644665,14.9949957644665,14.9949957644665,14.9949957644665
"4978",41.8639313016086,41.8639313016086,41.8639313016086,41.8639313016086
"4979",32.5240677874465,32.5240677874465,32.5240677874465,32.5240677874465
"4980",27.1054253934449,27.1054253934449,27.1054253934449,27.1054253934449
"4981",26.9251119331384,26.9251119331384,26.9251119331384,26.9251119331384
"4982",19.3558208103021,19.3558208103021,19.3558208103021,19.3558208103021
"4983",28.4013631556227,28.4013631556227,28.4013631556227,28.4013631556227
"4984",22.5945509185847,22.5945509185847,22.5945509185847,22.5945509185847
"4985",22.9258680453763,22.9258680453763,22.9258680453763,22.9258680453763
"4986",21.8362448985995,21.8362448985995,21.8362448985995,21.8362448985995
"4987",15.7284757961054,15.7284757961054,15.7284757961054,15.7284757961054
"4988",20.2870743615999,20.2870743615999,20.2870743615999,20.2870743615999
"4989",14.3673975049909,14.3673975049909,14.3673975049909,14.3673975049909
"4990",20.6264317694909,20.6264317694909,20.6264317694909,20.6264317694909
"4991",21.9608095619942,21.9608095619942,21.9608095619942,21.9608095619942
"4992",18.2472922459283,18.2472922459283,18.2472922459283,18.2472922459283
"4993",20.9404233443607,20.9404233443607,20.9404233443607,20.9404233443607
"4994",26.1567347471148,26.1567347471148,26.1567347471148,26.1567347471148
"4995",27.856729648742,27.856729648742,27.856729648742,27.856729648742
"4996",20.6248360301499,20.6248360301499,20.6248360301499,20.6248360301499
"4997",23.8659583712295,23.8659583712295,23.8659583712295,23.8659583712295
"4998",16.4948705655495,16.4948705655495,16.4948705655495,16.4948705655495
"4999",22.0842349225157,22.0842349225157,22.0842349225157,22.0842349225157
"5000",19.4313877743037,19.4313877743037,19.4313877743037,19.4313877743037
"5001",14.8450922540427,14.8450922540427,14.8450922540427,14.8450922540427
"5002",13.216059909856,13.216059909856,13.216059909856,13.216059909856
"5003",10.439865156442,10.439865156442,10.439865156442,10.439865156442
"5004",7.42095028771355,7.42095028771355,7.42095028771355,7.42095028771355
"5005",92.6875658783656,92.6875658783656,92.6875658783656,92.6875658783656
"5006",124.552192131379,125.732890073489,126.924691347265,128.12770036889
"5007",12.5451901414288,12.5451901414288,12.5451901414288,12.5451901414288
"5008",57.8375659368193,57.8375659368193,57.8375659368193,57.8375659368193
"5009",17.5194597724993,17.5194597724993,17.5194597724993,17.5194597724993
"5010",11.6157096440683,11.6157096440683,11.6157096440683,11.6157096440683
"5011",8.03247218171514,8.03247218171514,8.03247218171514,8.03247218171514
"5012",31.0700815372563,31.0700815372563,31.0700815372563,31.0700815372563
"5013",12.2360251321842,12.2360251321842,12.2360251321842,12.2360251321842
"5014",28.5891195345572,28.5891195345572,28.5891195345572,28.5891195345572
"5015",12.3851627379472,12.3851627379472,12.3851627379472,12.3851627379472
"5016",9.26123165133043,9.26123165133043,9.26123165133043,9.26123165133043
"5017",14.9283167975056,15.2984897219202,15.6772654381874,16.0648438745643
"5018",12.4372887134985,12.4822706472007,12.5249738483291,12.5655066703105
"5019",12.5108653955802,12.5108653955802,12.5108653955802,12.5108653955802
"5020",11.9572097341648,11.9572097341648,11.9572097341648,11.9572097341648
"5021",4.44334908540125,4.44334908540125,4.44334908540125,4.44334908540125
"5022",24.7750692831627,24.7750692831627,24.7750692831627,24.7750692831627
"5023",32.982854674614,33.499898332699,34.0248087267286,34.5577055478224
"5024",26.6816939074634,26.9823943646084,27.2863612679915,27.5936301003356
"5025",19.6001202754617,19.820145556692,20.0425208787829,20.2672713419957
"5026",12.9650370012047,12.9650370012047,12.9650370012047,12.9650370012047
"5027",17.6330011840685,17.6330011840685,17.6330011840685,17.6330011840685
"5028",6.43417394651454,6.43417394651454,6.43417394651454,6.43417394651454
"5029",9.55119906401555,9.55119906401555,9.55119906401555,9.55119906401555
"5030",3.91042278665603,3.91042278665603,3.91042278665603,3.91042278665603
"5031",5.5942238516672,5.5942238516672,5.5942238516672,5.5942238516672
"5032",48.9477615115279,48.9477615115279,48.9477615115279,48.9477615115279
"5033",24.1200644944529,24.1200644944529,24.1200644944529,24.1200644944529
"5034",6.49682483557925,6.49682483557925,6.49682483557925,6.49682483557925
"5035",41.1895331773016,41.1895331773016,41.1895331773016,41.1895331773016
"5036",7.23488045431049,7.23488045431049,7.23488045431049,7.23488045431049
"5037",3.05624528867453,3.05624528867453,3.05624528867453,3.05624528867453
"5038",4.00972415998148,4.00972415998148,4.00972415998148,4.00972415998148
"5039",4.08361540143684,4.08361540143684,4.08361540143684,4.08361540143684
"5040",7.05131344189246,7.05131344189246,7.05131344189246,7.05131344189246
"5041",9.41859167797194,9.41859167797194,9.41859167797194,9.41859167797194
"5042",6.02251009364207,6.02251009364207,6.02251009364207,6.02251009364207
"5043",21.2288238028432,21.4273357868096,21.6276205594816,21.8296939525474
"5044",11.2553877551881,11.2553877551881,11.2553877551881,11.2553877551881
"5045",8.3072562964536,8.3072562964536,8.3072562964536,8.3072562964536
"5046",3.67571379029709,3.67571379029709,3.67571379029709,3.67571379029709
"5047",4.28642643433252,4.28642643433252,4.28642643433252,4.28642643433252
"5048",2.2930410857142,1.90783087203277,1.56768141066573,1.26732162798362
"5049",8.79465875425915,8.79465875425915,8.79465875425915,8.79465875425915
"5050",13.2296676165726,13.2296676165726,13.2296676165726,13.2296676165726
"5051",7.12755874721903,7.12755874721903,7.12755874721903,7.12755874721903
"5052",18.6490602311429,18.6490602311429,18.6490602311429,18.6490602311429
"5053",7.71159247594997,7.71159247594997,7.71159247594997,7.71159247594997
"5054",8.83285206090916,8.83285206090916,8.83285206090916,8.83285206090916
"5055",9.31373536898668,9.49453344183154,9.67451839968024,9.85362779820048
"5056",20.1544987601481,20.5153322350072,20.8823204667365,21.2555684373699
"5057",11.8392574953339,11.8392574953339,11.8392574953339,11.8392574953339
"5058",8.24727869713126,8.28721203315004,8.32544157948106,8.36203283986382
"5059",21.2180640719069,21.2180640719069,21.2180640719069,21.2180640719069
"5060",11.2112036900436,11.2112036900436,11.2112036900436,11.2112036900436
"5061",8.54921665018176,8.54921665018176,8.54921665018176,8.54921665018176
"5062",11.8228884778285,11.6947723534999,11.5679362638017,11.4423674196437
"5063",8.44393601860678,8.44393601860678,8.44393601860678,8.44393601860678
"5064",7.99518065748101,7.99518065748101,7.99518065748101,7.99518065748101
"5065",8.71737381476475,8.71737381476475,8.71737381476475,8.71737381476475
"5066",4.77592472173403,4.77592472173403,4.77592472173403,4.77592472173403
"5067",3.66741319330137,3.66741319330137,3.66741319330137,3.66741319330137
"5068",8.30713102211335,8.30713102211335,8.30713102211335,8.30713102211335
"5069",5.61266115605545,5.61266115605545,5.61266115605545,5.61266115605545
"5070",6.98177368052343,6.98177368052343,6.98177368052343,6.98177368052343
"5071",4.25145223509437,4.25145223509437,4.25145223509437,4.25145223509437
"5072",38.4442972047958,38.4442972047958,38.4442972047958,38.4442972047958
"5073",9.77313892713424,9.77313892713424,9.77313892713424,9.77313892713424
"5074",25.4599527160286,25.4599527160286,25.4599527160286,25.4599527160286
"5075",43.2652790557867,43.2652790557867,43.2652790557867,43.2652790557867
"5076",10.6221345642697,10.6221345642697,10.6221345642697,10.6221345642697
"5077",10.7595074424973,10.7595074424973,10.7595074424973,10.7595074424973
"5078",10.0691452719391,9.95701819037746,9.84602692211582,9.73615996171023
"5079",31.9702359684481,31.9702359684481,31.9702359684481,31.9702359684481
"5080",8.93129373154946,8.93129373154946,8.93129373154946,8.93129373154946
"5081",15.1208738901884,15.1208738901884,15.1208738901884,15.1208738901884
"5082",11.1117015698518,11.1117015698518,11.1117015698518,11.1117015698518
"5083",7.42288864405755,7.233189449764,7.04776263586585,6.86651198037171
"5084",40.7864537041109,40.7864537041109,40.7864537041109,40.7864537041109
"5085",5.70376404474369,5.79849012287917,5.89455470723579,5.99197671128426
"5086",32.0643382687706,32.0643382687706,32.0643382687706,32.0643382687706
"5087",8.78681447736627,8.78681447736627,8.78681447736627,8.78681447736627
"5088",11.7586231852473,11.7586231852473,11.7586231852473,11.7586231852473
"5089",9.46243226813385,9.46243226813385,9.46243226813385,9.46243226813385
"5090",24.866681663062,24.866681663062,24.866681663062,24.866681663062
"5091",3.61249187126812,3.46362664737401,3.31956595333135,3.1801547260133
"5092",21.5834817766651,21.5834817766651,21.5834817766651,21.5834817766651
"5093",61.2640405946677,61.2640405946677,61.2640405946677,61.2640405946677
"5094",228.801649766812,228.801649766812,228.801649766812,228.801649766812
"5095",406.324325143736,406.324325143736,406.324325143736,406.324325143736
"5096",9.0249566467199,9.0249566467199,9.0249566467199,9.0249566467199
"5097",76.3252622292172,76.3252622292172,76.3252622292172,76.3252622292172
"5098",706.211403134684,706.211403134684,706.211403134684,706.211403134684
"5099",12.7406862856616,12.7406862856616,12.7406862856616,12.7406862856616
"5100",146.868794143541,146.868794143541,146.868794143541,146.868794143541
"5101",6.96614263459028,6.96614263459028,6.96614263459028,6.96614263459028
"5102",13.1694054336717,13.1694054336717,13.1694054336717,13.1694054336717
"5103",73.481614886646,73.481614886646,73.481614886646,73.481614886646
"5104",310.297214242245,310.297214242245,310.297214242245,310.297214242245
"5105",21.5224408199633,21.5224408199633,21.5224408199633,21.5224408199633
"5106",25.8738108496485,25.8738108496485,25.8738108496485,25.8738108496485
"5107",14.9012152851626,14.6609854797133,14.4243849792191,14.1913589534542
"5108",4.77076765524431,4.77076765524431,4.77076765524431,4.77076765524431
"5109",2.71703259440543,2.71703259440543,2.71703259440543,2.71703259440543
"5110",6.85128678769394,6.85128678769394,6.85128678769394,6.85128678769394
"5111",7.83595188301986,7.83595188301986,7.83595188301986,7.83595188301986
"5112",6.33994517942732,6.40071007305097,6.46197801842866,6.52375318015367
"5113",5.52595590645603,5.52595590645603,5.52595590645603,5.52595590645603
"5114",16.2369118401401,16.2369118401401,16.2369118401401,16.2369118401401
"5115",24.1294485852291,24.1294485852291,24.1294485852291,24.1294485852291
"5116",5.38977099296231,5.38977099296231,5.38977099296231,5.38977099296231
"5117",22.8480240817302,22.8480240817302,22.8480240817302,22.8480240817302
"5118",13.1749555844425,13.1749555844425,13.1749555844425,13.1749555844425
"5119",98.5357771901945,98.5357771901945,98.5357771901945,98.5357771901945
"5120",10.1965357024127,10.1965357024127,10.1965357024127,10.1965357024127
"5121",12.1224326327173,12.1224326327173,12.1224326327173,12.1224326327173
"5122",28.2028888629518,28.2028888629518,28.2028888629518,28.2028888629518
"5123",67.4598070980014,67.4598070980014,67.4598070980014,67.4598070980014
"5124",9.63832135292895,9.63832135292895,9.63832135292895,9.63832135292895
"5125",11.2503953162232,11.4657359208453,11.684861838088,11.9078396071518
"5126",9.20192102557449,9.2329823582082,9.26254504756418,9.29067714423457
"5127",32.5995604758365,32.5995604758365,32.5995604758365,32.5995604758365
"5128",69.9425334936376,69.9425334936376,69.9425334936376,69.9425334936376
"5129",16.2246637707805,16.2246637707805,16.2246637707805,16.2246637707805
"5130",14.3704862572494,14.3704862572494,14.3704862572494,14.3704862572494
"5131",48.7802353387623,48.7802353387623,48.7802353387623,48.7802353387623
"5132",22.4619463693218,22.4619463693218,22.4619463693218,22.4619463693218
"5133",10.8620560329138,10.8620560329138,10.8620560329138,10.8620560329138
"5134",9.47568564776579,9.60747314507535,9.74091857152016,9.87604278438238
"5135",10.4065980844583,10.4065980844583,10.4065980844583,10.4065980844583
"5136",4.19874893137686,4.19874893137686,4.19874893137686,4.19874893137686
"5137",13.1810688414343,13.1810688414343,13.1810688414343,13.1810688414343
"5138",11.424454087181,11.424454087181,11.424454087181,11.424454087181
"5139",6.35104918052248,6.35104918052248,6.35104918052248,6.35104918052248
"5140",5.66226364019334,5.66226364019334,5.66226364019334,5.66226364019334
"5141",7.76783680199173,7.76783680199173,7.76783680199173,7.76783680199173
"5142",19.2477117702293,19.7683028240949,20.3022788494793,20.8499839887976
"5143",13.9425318000932,13.9425318000932,13.9425318000932,13.9425318000932
"5144",4.43371733861697,4.43371733861697,4.43371733861697,4.43371733861697
"5145",26.1535696102868,26.5365069834676,26.924844789589,27.3186591890835
"5146",15.5447718807474,15.8620858179666,16.1854855528916,16.5150878056828
"5147",9.29495249021542,9.42043199302181,9.54744089634166,9.67599784119505
"5148",5.87780888252844,5.94449823231643,6.01183422254631,6.07982312324267
"5149",5.82531249648853,5.82531249648853,5.82531249648853,5.82531249648853
"5150",4.94943063952597,4.90371664796197,4.85835391169471,4.81333973176312
"5151",4.35734048813092,4.28884218419651,4.2212196912456,4.15446181126548
"5152",8.19072779864881,8.19072779864881,8.19072779864881,8.19072779864881
"5153",5.67121002289865,5.67121002289865,5.67121002289865,5.67121002289865
"5154",5.61308140012118,5.61308140012118,5.61308140012118,5.61308140012118
"5155",26.8839526940055,27.241168204742,27.6029599289914,27.969386491672
"5156",25.9150824861642,26.2432575442843,26.5754340342718,26.9116607455046
"5157",25.1358492564926,25.1358492564926,25.1358492564926,25.1358492564926
"5158",32.5710490531588,32.5710490531588,32.5710490531588,32.5710490531588
"5159",23.885926132986,23.885926132986,23.885926132986,23.885926132986
"5160",15.0267049966257,15.0267049966257,15.0267049966257,15.0267049966257
"5161",22.0451401074595,22.0451401074595,22.0451401074595,22.0451401074595
"5162",29.9631292482329,29.9631292482329,29.9631292482329,29.9631292482329
"5163",7.83351338541896,7.83351338541896,7.83351338541896,7.83351338541896
"5164",40.5960791424784,40.5960791424784,40.5960791424784,40.5960791424784
"5165",53.5487810841482,53.5487810841482,53.5487810841482,53.5487810841482
"5166",52.2099076360142,53.1789591296177,54.16565885527,55.1703282201372
"5167",44.8357517589834,45.3665431662259,45.9034812931619,46.4466373206026
"5168",60.3677268688376,60.3677268688376,60.3677268688376,60.3677268688376
"5169",56.7511204683306,57.3836627270187,58.0231331579359,58.6696076446611
"5170",59.9830671095733,59.9830671095733,59.9830671095733,59.9830671095733
"5171",5.25899438917234,5.25899438917234,5.25899438917234,5.25899438917234
"5172",41.3464022128181,41.3464022128181,41.3464022128181,41.3464022128181
"5173",35.2715740758073,35.302910355266,35.3314547933347,35.3574541967661
"5174",29.2960474612099,29.2960474612099,29.2960474612099,29.2960474612099
"5175",29.9934106231834,29.9934106231834,29.9934106231834,29.9934106231834
"5176",43.2053055993447,42.6235678548993,42.1038441061973,41.6389651151215
"5177",44.2551598332674,44.9799250206947,45.7162973834991,46.4644628115697
"5178",54.7303185670341,53.5518408431037,52.5339896400395,51.6527693563952
"5179",34.4052206703803,34.4052206703803,34.4052206703803,34.4052206703803
"5180",41.3375634807417,41.0278164224067,40.7688210303964,40.5520299060155
"5181",10.8687340661329,10.8687340661329,10.8687340661329,10.8687340661329
"5182",10.1361483932198,10.1361483932198,10.1361483932198,10.1361483932198
"5183",29.6016840360526,29.6016840360526,29.6016840360526,29.6016840360526
"5184",27.2764844230332,27.2770246817169,27.2774573412186,27.2778038300555
"5185",27.9491736809398,27.9577027317737,27.9653903512585,27.97231935869
"5186",12.9368456489908,12.9368456489908,12.9368456489908,12.9368456489908
"5187",6.91503913806841,6.91503913806841,6.91503913806841,6.91503913806841
"5188",4.82333259187817,4.76669425729613,4.71060679300934,4.65506484119638
"5189",7.51425804038588,7.51425804038588,7.51425804038588,7.51425804038588
"5190",39.8115771600018,39.8115771600018,39.8115771600018,39.8115771600018
"5191",9.9443338049246,10.1195514279342,10.2975742664975,10.4784472318177
"5192",23.0151758660294,23.0151758660294,23.0151758660294,23.0151758660294
"5193",5.59732372726537,5.53085154018393,5.46504910220653,5.3999096651896
"5194",11.2162639051998,11.2162639051998,11.2162639051998,11.2162639051998
"5195",13.5327187716997,13.5327187716997,13.5327187716997,13.5327187716997
"5196",27.1514722776948,27.1514722776948,27.1514722776948,27.1514722776948
"5197",9.74135172470159,9.74135172470159,9.74135172470159,9.74135172470159
"5198",8.61682554465898,8.61682554465898,8.61682554465898,8.61682554465898
"5199",12.5591397593609,12.5591397593609,12.5591397593609,12.5591397593609
"5200",7.57895968361463,7.57895968361463,7.57895968361463,7.57895968361463
"5201",9.25774686773782,9.25774686773782,9.25774686773782,9.25774686773782
"5202",29.4613796876572,29.4613796876572,29.4613796876572,29.4613796876572
"5203",82.0209340603688,82.8890734202371,83.7662908030967,84.6526811366805
"5204",91.4639399583755,91.4639399583755,91.4639399583755,91.4639399583755
"5205",32.0181224149125,32.0181224149125,32.0181224149125,32.0181224149125
"5206",38.3281951018837,38.3281951018837,38.3281951018837,38.3281951018837
"5207",55.05126458288,56.0038553752067,56.9726354404139,57.9578799150644
"5208",41.5360229887264,41.5360229887264,41.5360229887264,41.5360229887264
"5209",59.3398840174924,59.3398840174924,59.3398840174924,59.3398840174924
"5210",89.08517822684,89.08517822684,89.08517822684,89.08517822684
"5211",7.30022792297156,7.30022792297156,7.30022792297156,7.30022792297156
"5212",20.2534138647481,20.2534138647481,20.2534138647481,20.2534138647481
"5213",23.5933273060413,23.5933273060413,23.5933273060413,23.5933273060413
"5214",8.40947514774062,8.40947514774062,8.40947514774062,8.40947514774062
"5215",5.97589087739803,5.97589087739803,5.97589087739803,5.97589087739803
"5216",10.1103071343041,10.1103071343041,10.1103071343041,10.1103071343041
"5217",20.5816413228364,21.1192939052912,21.6703407562864,22.2351155605016
"5218",18.0360199987684,18.0360199987684,18.0360199987684,18.0360199987684
"5219",4.77333155287235,4.77333155287235,4.77333155287235,4.77333155287235
"5220",13.8360634481081,13.8360634481081,13.8360634481081,13.8360634481081
"5221",23.8781012478167,24.0731048653948,24.2696369923431,24.4677096096745
"5222",54.3079247818521,54.3079247818521,54.3079247818521,54.3079247818521
"5223",97.8523094837243,97.8523094837243,97.8523094837243,97.8523094837243
"5224",15.7552305449215,15.7552305449215,15.7552305449215,15.7552305449215
"5225",24.9575056681558,24.7458013160025,24.5358235832438,24.3275583879087
"5226",17.2288277188282,17.2288277188282,17.2288277188282,17.2288277188282
"5227",16.0215484779814,16.0215484779814,16.0215484779814,16.0215484779814
"5228",6.80531526469059,6.80531526469059,6.80531526469059,6.80531526469059
"5229",5.59424250032909,5.59424250032909,5.59424250032909,5.59424250032909
"5230",20.2506555407236,20.2506555407236,20.2506555407236,20.2506555407236
"5231",38.0258648248708,38.1147840591657,38.1860652964189,38.2431838030601
"5232",13.7648338198719,13.7648338198719,13.7648338198719,13.7648338198719
"5233",31.1377581860235,31.1377581860235,31.1377581860235,31.1377581860235
"5234",54.1089307625937,53.6453031472083,53.1855759988212,52.7297165030737
"5235",37.3918977257766,38.3385227665487,39.3084886427808,40.3023708670323
"5236",24.2978492046973,24.7705925754955,25.2521701476848,25.7427470068465
"5237",13.8391572131628,13.8391572131628,13.8391572131628,13.8391572131628
"5238",15.866140889549,15.866140889549,15.866140889549,15.866140889549
"5239",49.2958976892458,48.5717563277551,47.8580408804148,47.1546012388458
"5240",32.6942837996335,33.3439852425901,34.0062143880937,34.6812127983771
"5241",30.6279160065341,31.0370217139173,31.4514191856956,31.8711768706095
"5242",5.78725578214584,5.78725578214584,5.78725578214584,5.78725578214584
"5243",4.92730336430658,4.92730336430658,4.92730336430658,4.92730336430658
"5244",23.6646021866989,23.6646021866989,23.6646021866989,23.6646021866989
"5245",8.40655019633407,8.40655019633407,8.40655019633407,8.40655019633407
"5246",3.55210606519237,3.55210606519237,3.55210606519237,3.55210606519237
"5247",6.41951460614115,6.41951460614115,6.41951460614115,6.41951460614115
"5248",5.77649515605593,5.77649515605593,5.77649515605593,5.77649515605593
"5249",6.46887319510513,6.46887319510513,6.46887319510513,6.46887319510513
"5250",58.9827498942959,60.8912144660664,62.8604004457104,64.8922397995995
"5251",42.6818659243455,42.6818659243455,42.6818659243455,42.6818659243455
"5252",13.5965391537979,13.5965391537979,13.5965391537979,13.5965391537979
"5253",37.281436034563,37.281436034563,37.281436034563,37.281436034563
"5254",27.6015969444613,27.6015969444613,27.6015969444613,27.6015969444613
"5255",746.6287405112,746.6287405112,746.6287405112,746.6287405112
"5256",102.363148882417,102.363148882417,102.363148882417,102.363148882417
"5257",54.7474510677094,54.7474510677094,54.7474510677094,54.7474510677094
"5258",91.3731708190666,91.3731708190666,91.3731708190666,91.3731708190666
"5259",99.9572006854424,99.6300296624326,99.3039188993901,98.9788649603408
"5260",637.182455913653,637.182455913653,637.182455913653,637.182455913653
"5261",24.0593555805217,24.0593555805217,24.0593555805217,24.0593555805217
"5262",22.5551603435331,22.5551603435331,22.5551603435331,22.5551603435331
"5263",459.986319701963,459.986319701963,459.986319701963,459.986319701963
"5264",15.1499260535455,15.1499260535455,15.1499260535455,15.1499260535455
"5265",848.328184952907,870.111083972678,892.452653596005,915.367222165641
"5266",44.9868519381514,44.9868519381514,44.9868519381514,44.9868519381514
"5267",96.6204163354208,98.7334173941303,100.892154515456,103.097617659821
"5268",40.1381445148126,40.1381445148126,40.1381445148126,40.1381445148126
"5269",486.425593054109,486.425593054109,486.425593054109,486.425593054109
"5270",16.543089279862,16.543089279862,16.543089279862,16.543089279862
"5271",8.29182762608934,8.29182762608934,8.29182762608934,8.29182762608934
"5272",26.0654802003427,26.0654802003427,26.0654802003427,26.0654802003427
"5273",5.64154552126399,5.64154552126399,5.64154552126399,5.64154552126399
"5274",6.10731483189533,6.10731483189533,6.10731483189533,6.10731483189533
"5275",8.65907612089775,8.65907612089775,8.65907612089775,8.65907612089775
"5276",38.907266237038,38.907266237038,38.907266237038,38.907266237038
"5277",42.5172085818535,42.5172085818535,42.5172085818535,42.5172085818535
"5278",8.43073991551268,8.43073991551268,8.43073991551268,8.43073991551268
"5279",9.03410178565084,9.03410178565084,9.03410178565084,9.03410178565084
"5280",13.3866002883369,13.3866002883369,13.3866002883369,13.3866002883369
"5281",8.57617670797848,8.57617670797848,8.57617670797848,8.57617670797848
"5282",3.83595513552992,3.83595513552992,3.83595513552992,3.83595513552992
"5283",18.5727873381318,18.5727873381318,18.5727873381318,18.5727873381318
"5284",1.36336182331031,1.36336182331031,1.36336182331031,1.36336182331031
"5285",9.64066991793018,9.64066991793018,9.64066991793018,9.64066991793018
"5286",9.57692690270903,9.57692690270903,9.57692690270903,9.57692690270903
"5287",6.65912341597683,6.65912341597683,6.65912341597683,6.65912341597683
"5288",11.6868338514236,11.6868338514236,11.6868338514236,11.6868338514236
"5289",27.039938615629,27.039938615629,27.039938615629,27.039938615629
"5290",16.2823490993555,16.2823490993555,16.2823490993555,16.2823490993555
"5291",14.050333092967,14.050333092967,14.050333092967,14.050333092967
"5292",13.3580748926995,13.3580748926995,13.3580748926995,13.3580748926995
"5293",10.4881183804654,10.4881183804654,10.4881183804654,10.4881183804654
"5294",7.84789467701669,7.84789467701669,7.84789467701669,7.84789467701669
"5295",14.9093988639181,14.9093988639181,14.9093988639181,14.9093988639181
"5296",16.9049843664446,17.0566349178882,17.2095699099816,17.3638002216022
"5297",8.3234835187782,8.3234835187782,8.3234835187782,8.3234835187782
"5298",7.05205975735993,7.05205975735993,7.05205975735993,7.05205975735993
"5299",16.8222775578784,16.8222775578784,16.8222775578784,16.8222775578784
"5300",8.731544848613,8.73142246312412,8.73132109181055,8.73123712627189
"5301",8.85564153784147,8.85564153784147,8.85564153784147,8.85564153784147
"5302",29.5292634966478,29.5292634966478,29.5292634966478,29.5292634966478
"5303",13.1270123315086,13.1270123315086,13.1270123315086,13.1270123315086
"5304",29.8170833260867,29.8170833260867,29.8170833260867,29.8170833260867
"5305",13.1363086772012,13.3227149760357,13.51157929337,13.7029340414935
"5306",10.3898525212532,10.5013483045112,10.6139355250516,10.7276248670038
"5307",24.9925410412137,24.9925410412137,24.9925410412137,24.9925410412137
"5308",11.4514353509374,11.4514353509374,11.4514353509374,11.4514353509374
"5309",21.4133326350919,21.4133326350919,21.4133326350919,21.4133326350919
"5310",13.6479357950595,13.6479357950595,13.6479357950595,13.6479357950595
"5311",15.771138405383,15.771138405383,15.771138405383,15.771138405383
"5312",5.77043030184173,5.6833506287303,5.59739095377721,5.51253687183105
"5313",15.766813619111,15.7676581458315,15.7683341709046,15.7688753092171
"5314",4.45104754804268,4.45104754804268,4.45104754804268,4.45104754804268
"5315",7.04306223363785,7.04306223363785,7.04306223363785,7.04306223363785
"5316",7.86795696750596,7.86795696750596,7.86795696750596,7.86795696750596
"5317",18.2258507021882,18.2258507021882,18.2258507021882,18.2258507021882
"5318",10.6635540058969,10.8719693012749,11.0841087561437,11.3000389172694
"5319",13.1885424676814,13.1885424676814,13.1885424676814,13.1885424676814
"5320",16.8613818880086,17.1689681642916,17.4818513049467,17.8001225259166
"5321",12.0355815853279,12.1844919757484,12.3351034260127,12.4874353679722
"5322",9.89654408251315,9.89654408251315,9.89654408251315,9.89654408251315
"5323",7.22864122663687,7.22864122663687,7.22864122663687,7.22864122663687
"5324",13.8955434542262,13.8955434542262,13.8955434542262,13.8955434542262
"5325",9.30734137161251,9.30734137161251,9.30734137161251,9.30734137161251
"5326",4.96527006023726,4.96527006023726,4.96527006023726,4.96527006023726
"5327",5.18546356510544,5.18546356510544,5.18546356510544,5.18546356510544
"5328",5.63886851934641,5.63886851934641,5.63886851934641,5.63886851934641
"5329",3.29253391098445,3.29253391098445,3.29253391098445,3.29253391098445
"5330",15.5311348477802,15.5311348477802,15.5311348477802,15.5311348477802
"5331",25.8265724979634,26.0049987540157,26.1846117412037,26.3654193525967
"5332",21.6656056946776,21.6656056946776,21.6656056946776,21.6656056946776
"5333",18.1691049227604,18.1691049227604,18.1691049227604,18.1691049227604
"5334",19.3753903582523,19.5229190636583,19.6715159556627,19.8211887685069
"5335",4.32503459482603,4.32503459482603,4.32503459482603,4.32503459482603
"5336",8.91142204680183,8.91142204680183,8.91142204680183,8.91142204680183
"5337",17.7334517570076,17.7334517570076,17.7334517570076,17.7334517570076
"5338",29.8705368205344,29.8705368205344,29.8705368205344,29.8705368205344
"5339",37.1547978299152,37.1547978299152,37.1547978299152,37.1547978299152
"5340",17.1342050909459,17.1342050909459,17.1342050909459,17.1342050909459
"5341",89.6880203427849,89.6880203427849,89.6880203427849,89.6880203427849
"5342",30.7686440886125,30.7686440886125,30.7686440886125,30.7686440886125
"5343",63.6867351204375,63.6867351204375,63.6867351204375,63.6867351204375
"5344",66.7345791291333,66.7345791291333,66.7345791291333,66.7345791291333
"5345",34.1933868335566,34.1933868335566,34.1933868335566,34.1933868335566
"5346",86.7709840313621,86.7709840313621,86.7709840313621,86.7709840313621
"5347",33.1034840338888,33.1034840338888,33.1034840338888,33.1034840338888
"5348",54.293476716499,54.293476716499,54.293476716499,54.293476716499
"5349",43.7542894192151,43.7542894192151,43.7542894192151,43.7542894192151
"5350",30.5211439277908,30.5211439277908,30.5211439277908,30.5211439277908
"5351",29.5491204037895,29.5491204037895,29.5491204037895,29.5491204037895
"5352",37.8249636509081,37.8249636509081,37.8249636509081,37.8249636509081
"5353",33.3366393866697,33.3366393866697,33.3366393866697,33.3366393866697
"5354",21.3933026244319,21.3933026244319,21.3933026244319,21.3933026244319
"5355",17.62157494217,17.62157494217,17.62157494217,17.62157494217
"5356",20.8303392546907,21.6661787763457,22.5340209021659,23.4350909471153
"5357",17.6824099556366,17.9785710915054,18.2733634822095,18.5667020937908
"5358",44.8517904121766,44.8517904121766,44.8517904121766,44.8517904121766
"5359",50.2790100099823,50.2790100099823,50.2790100099823,50.2790100099823
"5360",58.8177002746339,58.8177002746339,58.8177002746339,58.8177002746339
"5361",59.2961419733325,59.2961419733325,59.2961419733325,59.2961419733325
"5362",49.4114285311675,49.4114285311675,49.4114285311675,49.4114285311675
"5363",108.325888072532,108.325888072532,108.325888072532,108.325888072532
"5364",36.8419101812879,36.8419101812879,36.8419101812879,36.8419101812879
"5365",100.544819817155,100.544819817155,100.544819817155,100.544819817155
"5366",95.4287772522154,95.4397730164185,95.4494305514983,95.4579126147454
"5367",56.9951574111155,56.9951574111155,56.9951574111155,56.9951574111155
"5368",115.672665435904,115.672665435904,115.672665435904,115.672665435904
"5369",50.1484901417319,50.1484901417319,50.1484901417319,50.1484901417319
"5370",37.2785665531727,37.2785665531727,37.2785665531727,37.2785665531727
"5371",45.8003875393232,45.8003875393232,45.8003875393232,45.8003875393232
"5372",50.1333759355528,50.1333759355528,50.1333759355528,50.1333759355528
"5373",32.36588838503,32.36588838503,32.36588838503,32.36588838503
"5374",20.2774802997438,20.2774802997438,20.2774802997438,20.2774802997438
"5375",20.5011897612458,20.5011897612458,20.5011897612458,20.5011897612458
"5376",23.4649332665694,23.4649332665694,23.4649332665694,23.4649332665694
"5377",16.9741571693436,16.9741571693436,16.9741571693436,16.9741571693436
"5378",7.8889404593661,7.8889404593661,7.8889404593661,7.8889404593661
"5379",8.8976666797901,8.8976666797901,8.8976666797901,8.8976666797901
"5380",17.8080204839987,17.8080204839987,17.8080204839987,17.8080204839987
"5381",17.2633361170754,17.2633361170754,17.2633361170754,17.2633361170754
"5382",12.9670297894026,12.9670297894026,12.9670297894026,12.9670297894026
"5383",16.4546903373649,16.4546903373649,16.4546903373649,16.4546903373649
"5384",4.09601235696071,3.41613486841128,2.82696230109401,2.31639338253807
"5385",11.6405190917849,11.6405190917849,11.6405190917849,11.6405190917849
"5386",4.26901130639044,4.26901130639044,4.26901130639044,4.26901130639044
"5387",7.47183711957067,7.47183711957067,7.47183711957067,7.47183711957067
"5388",9.09341981527519,9.09341981527519,9.09341981527519,9.09341981527519
"5389",9.51619198976802,9.51619198976802,9.51619198976802,9.51619198976802
"5390",15.1642136109355,15.1642136109355,15.1642136109355,15.1642136109355
"5391",4.29823859841055,4.29823859841055,4.29823859841055,4.29823859841055
"5392",3.52622109954198,3.52622109954198,3.52622109954198,3.52622109954198
"5393",6.49812422677347,6.49812422677347,6.49812422677347,6.49812422677347
"5394",28.162981577757,28.5731091555313,28.9890044779241,29.4107486584223
"5395",20.5069343711257,20.7606212424172,21.0173004987485,21.2770074370517
"5396",12.0719477543372,12.0719477543372,12.0719477543372,12.0719477543372
"5397",127.551632679806,127.551632679806,127.551632679806,127.551632679806
"5398",153.930574321795,153.930574321795,153.930574321795,153.930574321795
"5399",57.2200582309668,57.2200582309668,57.2200582309668,57.2200582309668
"5400",215.300566830077,215.300566830077,215.300566830077,215.300566830077
"5401",95.516988178759,95.516988178759,95.516988178759,95.516988178759
"5402",13.1956245678458,13.1956245678458,13.1956245678458,13.1956245678458
"5403",28.0586438935976,28.0506876440728,28.0435391276385,28.0371161726189
"5404",10.4144028744642,10.4144028744642,10.4144028744642,10.4144028744642
"5405",34.2429990582412,34.2429990582412,34.2429990582412,34.2429990582412
"5406",4.84861052153339,4.84861052153339,4.84861052153339,4.84861052153339
"5407",10.2221921104482,10.2221921104482,10.2221921104482,10.2221921104482
"5408",34.2912209908447,34.7143110599166,35.1424733594618,35.5757686980972
"5409",23.9656182886039,23.9656182886039,23.9656182886039,23.9656182886039
"5410",30.2806776803826,30.2806776803826,30.2806776803826,30.2806776803826
"5411",24.8443139174017,24.8443139174017,24.8443139174017,24.8443139174017
"5412",7.27893338202024,7.27893338202024,7.27893338202024,7.27893338202024
"5413",13.0209818010676,13.0209818010676,13.0209818010676,13.0209818010676
"5414",3.3529862864273,3.3529862864273,3.3529862864273,3.3529862864273
"5415",5.2034773002776,5.2034773002776,5.2034773002776,5.2034773002776
"5416",9.38927727920408,9.31163127717226,9.234565575528,9.15807583729925
"5417",17.549525829418,17.549525829418,17.549525829418,17.549525829418
"5418",15.9506197600371,16.1288185854418,16.3088907831376,16.4908560475515
"5419",15.4242885870006,15.4242885870006,15.4242885870006,15.4242885870006
"5420",8.56321502318823,8.56321502318823,8.56321502318823,8.56321502318823
"5421",7.94978004218315,7.94978004218315,7.94978004218315,7.94978004218315
"5422",18.7687989551507,18.7687989551507,18.7687989551507,18.7687989551507
"5423",10.0771078469297,10.0771078469297,10.0771078469297,10.0771078469297
"5424",10.6865448559573,10.6865448559573,10.6865448559573,10.6865448559573
"5425",8.78308552593441,8.78308552593441,8.78308552593441,8.78308552593441
"5426",12.8696410811638,12.8696410811638,12.8696410811638,12.8696410811638
"5427",34.9946114181091,34.9946114181091,34.9946114181091,34.9946114181091
"5428",18.7456638600414,19.8779038312427,21.0750677959584,22.3408785735916
"5429",57.9794422075569,57.9794422075569,57.9794422075569,57.9794422075569
"5430",36.9632312825543,36.9632312825543,36.9632312825543,36.9632312825543
"5431",88.8807965648766,88.8807965648766,88.8807965648766,88.8807965648766
"5432",12.4070735628646,12.4070735628646,12.4070735628646,12.4070735628646
"5433",14.9864501356447,14.9864501356447,14.9864501356447,14.9864501356447
"5434",11.6383180341805,11.6383180341805,11.6383180341805,11.6383180341805
"5435",27.0151902728647,27.0151902728647,27.0151902728647,27.0151902728647
"5436",22.1753173650665,22.6335602932679,23.1008640070429,23.5774076642796
"5437",25.2452595513614,25.7843714367979,26.3345573839884,26.8960448686146
"5438",6.90634041257806,6.90634041257806,6.90634041257806,6.90634041257806
"5439",12.4010614682662,12.4010614682662,12.4010614682662,12.4010614682662
"5440",9.29205447665793,9.29205447665793,9.29205447665793,9.29205447665793
"5441",7.65087942887236,7.65087942887236,7.65087942887236,7.65087942887236
"5442",3.66168904766867,3.66168904766867,3.66168904766867,3.66168904766867
"5443",4.12073871401646,4.12073871401646,4.12073871401646,4.12073871401646
"5444",21.4314227712091,21.4314227712091,21.4314227712091,21.4314227712091
"5445",38.4279823420054,38.4279823420054,38.4279823420054,38.4279823420054
"5446",9.67996192108954,9.7194151354951,9.75901409537602,9.79875933913566
"5447",9.10629523006594,8.2863286187003,7.53288937749838,6.84057985865409
"5448",37.1402207671548,37.1402207671548,37.1402207671548,37.1402207671548
"5449",17.5224477293928,17.5224477293928,17.5224477293928,17.5224477293928
"5450",20.3964546654033,20.3964546654033,20.3964546654033,20.3964546654033
"5451",16.6202392552623,16.6202392552623,16.6202392552623,16.6202392552623
"5452",53.6507039876511,53.6507039876511,53.6507039876511,53.6507039876511
"5453",29.7823566862452,29.7823566862452,29.7823566862452,29.7823566862452
"5454",31.1027002508537,31.1027002508537,31.1027002508537,31.1027002508537
"5455",48.690247378914,48.690247378914,48.690247378914,48.690247378914
"5456",23.8500047238802,23.8500047238802,23.8500047238802,23.8500047238802
"5457",20.995134673421,20.995134673421,20.995134673421,20.995134673421
"5458",27.2224059291375,27.2224059291375,27.2224059291375,27.2224059291375
"5459",16.0526995503978,16.0536199812753,16.0544037366919,16.0550711067349
"5460",38.2135201114183,38.2135201114183,38.2135201114183,38.2135201114183
"5461",21.8029622691093,21.8029622691093,21.8029622691093,21.8029622691093
"5462",26.7490847460737,26.7490847460737,26.7490847460737,26.7490847460737
"5463",14.6774799140823,14.6774799140823,14.6774799140823,14.6774799140823
"5464",24.507534753681,24.507534753681,24.507534753681,24.507534753681
"5465",5.32202724697329,5.32202724697329,5.32202724697329,5.32202724697329
"5466",18.5286943826118,18.5286943826118,18.5286943826118,18.5286943826118
"5467",21.4872171228063,21.4872171228063,21.4872171228063,21.4872171228063
"5468",16.0011759546596,16.0011759546596,16.0011759546596,16.0011759546596
"5469",7.99297615970167,7.99297615970167,7.99297615970167,7.99297615970167
"5470",218.48631641559,218.48631641559,218.48631641559,218.48631641559
"5471",269.761986087983,269.761986087983,269.761986087983,269.761986087983
"5472",137.969971984843,137.969971984843,137.969971984843,137.969971984843
"5473",645.980808931844,645.980808931844,645.980808931844,645.980808931844
"5474",16.955762649153,16.955762649153,16.955762649153,16.955762649153
"5475",437.162694825183,437.162694825183,437.162694825183,437.162694825183
"5476",20.3517665253854,20.3517665253854,20.3517665253854,20.3517665253854
"5477",331.929660393822,331.929660393822,331.929660393822,331.929660393822
"5478",426.103580529783,426.103580529783,426.103580529783,426.103580529783
"5479",14.1207310048221,14.1207310048221,14.1207310048221,14.1207310048221
"5480",9.66797514595768,9.66797514595768,9.66797514595768,9.66797514595768
"5481",16.8118748858835,16.8118748858835,16.8118748858835,16.8118748858835
"5482",12.1357177191702,12.1357177191702,12.1357177191702,12.1357177191702
"5483",5.32403469057868,5.32403469057868,5.32403469057868,5.32403469057868
"5484",13.6149020504636,13.6133492947541,13.6120348353241,13.6109220848886
"5485",10.4662539699527,10.6463477281455,10.8292701138766,11.0150655547476
"5486",2.20565535956572,2.20565535956572,2.20565535956572,2.20565535956572
"5487",5.14818044954237,5.14818044954237,5.14818044954237,5.14818044954237
"5488",8.5954252622631,8.5954252622631,8.5954252622631,8.5954252622631
"5489",16.6647696790365,16.6647696790365,16.6647696790365,16.6647696790365
"5490",7.83080128508202,7.83080128508202,7.83080128508202,7.83080128508202
"5491",28.1485764275929,28.1485764275929,28.1485764275929,28.1485764275929
"5492",14.2898215869876,14.2898215869876,14.2898215869876,14.2898215869876
"5493",70.5931061323164,70.5931061323164,70.5931061323164,70.5931061323164
"5494",7.25162247422093,7.25162247422093,7.25162247422093,7.25162247422093
"5495",7.94712076879161,7.94712076879161,7.94712076879161,7.94712076879161
"5496",23.8576307814072,23.8576307814072,23.8576307814072,23.8576307814072
"5497",7.71857394718561,7.71857394718561,7.71857394718561,7.71857394718561
"5498",7.7013747936996,7.7013747936996,7.7013747936996,7.7013747936996
"5499",14.721806204699,14.721806204699,14.721806204699,14.721806204699
"5500",3.85483648864314,3.85483648864314,3.85483648864314,3.85483648864314
"5501",7.03125266408766,7.03125266408766,7.03125266408766,7.03125266408766
"5502",6.39617304652893,6.39617304652893,6.39617304652893,6.39617304652893
"5503",6.20531531700495,6.20531531700495,6.20531531700495,6.20531531700495
"5504",5.75394687179042,5.75394687179042,5.75394687179042,5.75394687179042
"5505",14.1865468887992,14.1865468887992,14.1865468887992,14.1865468887992
"5506",5.94582386327342,5.94582386327342,5.94582386327342,5.94582386327342
"5507",6.10455592535248,6.10455592535248,6.10455592535248,6.10455592535248
"5508",6.95147368374162,6.95147368374162,6.95147368374162,6.95147368374162
"5509",7.30125983420199,7.42597815988705,7.55257025667099,7.68106427613549
"5510",40.1129314753591,40.1129314753591,40.1129314753591,40.1129314753591
"5511",36.7942549311047,36.7942549311047,36.7942549311047,36.7942549311047
"5512",4.22938912544358,4.22938912544358,4.22938912544358,4.22938912544358
"5513",6.94753246174767,6.94753246174767,6.94753246174767,6.94753246174767
"5514",10.8024514180281,10.8024514180281,10.8024514180281,10.8024514180281
"5515",5.68923425046851,5.68923425046851,5.68923425046851,5.68923425046851
"5516",4.52614426898857,4.52614426898857,4.52614426898857,4.52614426898857
"5517",4.74636637585969,4.74636637585969,4.74636637585969,4.74636637585969
"5518",4.83167420709669,4.83167420709669,4.83167420709669,4.83167420709669
"5519",9.33902208778051,9.33902208778051,9.33902208778051,9.33902208778051
"5520",4.45283787643277,4.45283787643277,4.45283787643277,4.45283787643277
"5521",6.62388781170457,6.62388781170457,6.62388781170457,6.62388781170457
"5522",7.05981394576729,7.05981394576729,7.05981394576729,7.05981394576729
"5523",10.5307652198607,10.5307652198607,10.5307652198607,10.5307652198607
"5524",10.9790574928808,10.9790574928808,10.9790574928808,10.9790574928808
"5525",4.43375007618723,4.31389209311985,4.19667794458729,4.08204931272978
"5526",6.57006846563626,6.57006846563626,6.57006846563626,6.57006846563626
"5527",14.3156672497324,14.3156672497324,14.3156672497324,14.3156672497324
"5528",6.18063821590787,6.18063821590787,6.18063821590787,6.18063821590787
"5529",13.1226377124508,13.1226377124508,13.1226377124508,13.1226377124508
"5530",9.11357388134588,9.11357388134588,9.11357388134588,9.11357388134588
"5531",7.97749182215465,7.97749182215465,7.97749182215465,7.97749182215465
"5532",9.05311277576122,9.05311277576122,9.05311277576122,9.05311277576122
"5533",38.300124351181,38.300124351181,38.300124351181,38.300124351181
"5534",154.475421113904,154.475421113904,154.475421113904,154.475421113904
"5535",6.45117583796878,6.45117583796878,6.45117583796878,6.45117583796878
"5536",5.84643704559641,5.84643704559641,5.84643704559641,5.84643704559641
"5537",9.09706767721319,9.09706767721319,9.09706767721319,9.09706767721319
"5538",27.8829208770478,28.4164763506103,28.9598882180113,29.5133385568495
"5539",27.7447047229645,28.139649406069,28.5319452635265,28.9215046108231
"5540",26.1388361245575,26.4514788944998,26.7677233480643,27.0876109770947
"5541",35.5311746773089,36.39917702767,37.2878036280556,38.1975445228635
"5542",20.0722593880769,20.0722593880769,20.0722593880769,20.0722593880769
"5543",23.4515154516163,23.4515154516163,23.4515154516163,23.4515154516163
"5544",36.3840774948617,36.3627864686049,36.3433954753084,36.3257341008223
"5545",80.9026779869283,80.9026779869283,80.9026779869283,80.9026779869283
"5546",40.3234159566779,40.3234159566779,40.3234159566779,40.3234159566779
"5547",80.2602873714238,80.2602873714238,80.2602873714238,80.2602873714238
"5548",102.652939979855,102.523375387508,102.402226387264,102.288937607905
"5549",177.351088564716,176.155434578721,174.967796178534,173.788119628193
"5550",102.665946180071,101.68449584292,100.73169001308,99.8065184314151
"5551",123.198284380677,122.624210427873,122.077570565946,121.556951215084
"5552",31.2397838605086,31.2397838605086,31.2397838605086,31.2397838605086
"5553",103.740563777346,103.740563777346,103.740563777346,103.740563777346
"5554",140.723068556744,140.723068556744,140.723068556744,140.723068556744
"5555",160.619287315616,160.619287315616,160.619287315616,160.619287315616
"5556",3.40582334979034,3.40582334979034,3.40582334979034,3.40582334979034
"5557",6.04246808494759,6.04246808494759,6.04246808494759,6.04246808494759
"5558",9.05917035183533,9.05917035183533,9.05917035183533,9.05917035183533
"5559",14.2931645809106,14.2931645809106,14.2931645809106,14.2931645809106
"5560",8.21265179768714,8.21265179768714,8.21265179768714,8.21265179768714
"5561",10.6936220338192,10.6936220338192,10.6936220338192,10.6936220338192
"5562",3.86126132040925,3.7990911782483,3.73771612327184,3.67712598719637
"5563",7.40120987317141,7.40120987317141,7.40120987317141,7.40120987317141
"5564",16.4231908204432,16.4231908204432,16.4231908204432,16.4231908204432
"5565",22.0891340978527,22.0891340978527,22.0891340978527,22.0891340978527
"5566",23.2210614716774,23.2210614716774,23.2210614716774,23.2210614716774
"5567",21.1931168232366,21.1931168232366,21.1931168232366,21.1931168232366
"5568",4.92913801809496,4.92913801809496,4.92913801809496,4.92913801809496
"5569",6.63375632189769,6.63375632189769,6.63375632189769,6.63375632189769
"5570",4.38038687367907,4.38038687367907,4.38038687367907,4.38038687367907
"5571",15.9079106686562,15.9079106686562,15.9079106686562,15.9079106686562
"5572",13.7951040218531,13.7951040218531,13.7951040218531,13.7951040218531
"5573",16.7891874571961,16.7891874571961,16.7891874571961,16.7891874571961
"5574",56.6735664413113,56.6735664413113,56.6735664413113,56.6735664413113
"5575",30.5215807019186,30.5215807019186,30.5215807019186,30.5215807019186
"5576",42.591351125133,42.7046239217452,42.811953515406,42.9136376549677
"5577",30.330566895526,30.330566895526,30.330566895526,30.330566895526
"5578",38.5249356829031,38.5249356829031,38.5249356829031,38.5249356829031
"5579",60.4465050357297,60.4465050357297,60.4465050357297,60.4465050357297
"5580",52.0539648734791,52.0539648734791,52.0539648734791,52.0539648734791
"5581",22.1107501207409,22.1107501207409,22.1107501207409,22.1107501207409
"5582",53.0670752409191,53.0627632185163,53.0593138481406,53.0565545102499
"5583",44.7011328808472,44.7011328808472,44.7011328808472,44.7011328808472
"5584",47.8111414574212,47.8111414574212,47.8111414574212,47.8111414574212
"5585",46.3560640246284,46.3547619698202,46.353671239963,46.3527575330348
"5586",33.1975988388498,33.1975988388498,33.1975988388498,33.1975988388498
"5587",172.514962557193,172.514962557193,172.514962557193,172.514962557193
"5588",96.0638017434559,96.0638017434559,96.0638017434559,96.0638017434559
"5589",99.0104420609474,99.0104420609474,99.0104420609474,99.0104420609474
"5590",137.558051361864,137.558051361864,137.558051361864,137.558051361864
"5591",25.6460227935281,25.6460227935281,25.6460227935281,25.6460227935281
"5592",57.1512567308134,57.1512567308134,57.1512567308134,57.1512567308134
"5593",89.238891276155,89.238891276155,89.238891276155,89.238891276155
"5594",32.5569696351659,32.5569696351659,32.5569696351659,32.5569696351659
"5595",40.7222884854206,40.7222884854206,40.7222884854206,40.7222884854206
"5596",51.3979354398711,51.3979354398711,51.3979354398711,51.3979354398711
"5597",50.8579686360387,50.8579686360387,50.8579686360387,50.8579686360387
"5598",112.101706693233,112.101706693233,112.101706693233,112.101706693233
"5599",29.1332771458641,29.1332771458641,29.1332771458641,29.1332771458641
"5600",68.4856115320642,68.4856115320642,68.4856115320642,68.4856115320642
"5601",85.7107936856345,85.7107936856345,85.7107936856345,85.7107936856345
"5602",43.526945832333,43.526945832333,43.526945832333,43.526945832333
"5603",73.8135841844096,73.8135841844096,73.8135841844096,73.8135841844096
"5604",46.2070780275244,46.2070780275244,46.2070780275244,46.2070780275244
"5605",26.2763650637671,26.2763650637671,26.2763650637671,26.2763650637671
"5606",56.6537834329097,56.6537834329097,56.6537834329097,56.6537834329097
"5607",26.1617546875987,26.1617546875987,26.1617546875987,26.1617546875987
"5608",12.4061842753071,12.4061842753071,12.4061842753071,12.4061842753071
"5609",11.6690032713783,11.6690032713783,11.6690032713783,11.6690032713783
"5610",14.2999936806385,14.2999936806385,14.2999936806385,14.2999936806385
"5611",96.2288243678332,96.2288243678332,96.2288243678332,96.2288243678332
"5612",39.4202749616309,39.4202749616309,39.4202749616309,39.4202749616309
"5613",73.1070740565857,73.1070740565857,73.1070740565857,73.1070740565857
"5614",98.5749058458151,98.5749058458151,98.5749058458151,98.5749058458151
"5615",49.1566923514364,49.1566923514364,49.1566923514364,49.1566923514364
"5616",64.5031645972383,64.5031645972383,64.5031645972383,64.5031645972383
"5617",150.845918393866,150.845918393866,150.845918393866,150.845918393866
"5618",111.460784046237,111.460784046237,111.460784046237,111.460784046237
"5619",121.298928516855,121.298928516855,121.298928516855,121.298928516855
"5620",115.675834806836,115.675834806836,115.675834806836,115.675834806836
"5621",73.8583253699109,73.8583253699109,73.8583253699109,73.8583253699109
"5622",97.0049922032954,97.0049922032954,97.0049922032954,97.0049922032954
"5623",62.2697150614831,62.2697150614831,62.2697150614831,62.2697150614831
"5624",54.6841814715702,54.6841814715702,54.6841814715702,54.6841814715702
"5625",51.9456417369236,51.9456417369236,51.9456417369236,51.9456417369236
"5626",63.7752743523158,63.7752743523158,63.7752743523158,63.7752743523158
"5627",86.4743874459237,86.4743874459237,86.4743874459237,86.4743874459237
"5628",55.8427378501778,55.8427378501778,55.8427378501778,55.8427378501778
"5629",16.6262893952215,16.6262893952215,16.6262893952215,16.6262893952215
"5630",15.8433100677506,16.0151367958444,16.1887164112489,16.3640667960127
"5631",12.3735647900085,12.3735647900085,12.3735647900085,12.3735647900085
"5632",18.5198667516614,18.5198667516614,18.5198667516614,18.5198667516614
"5633",7.19089387392489,7.19089387392489,7.19089387392489,7.19089387392489
"5634",9.66327298583158,9.66327298583158,9.66327298583158,9.66327298583158
"5635",8.56064265255646,8.56064265255646,8.56064265255646,8.56064265255646
"5636",30.1268730813104,30.1268730813104,30.1268730813104,30.1268730813104
"5637",8.67754417871128,8.80860676973372,8.94144433614747,9.07608091637276
"5638",6.68094110403339,6.68094110403339,6.68094110403339,6.68094110403339
"5639",20.1061564666915,20.1061564666915,20.1061564666915,20.1061564666915
"5640",25.1677058058986,25.1677058058986,25.1677058058986,25.1677058058986
"5641",6.95402332954728,6.95402332954728,6.95402332954728,6.95402332954728
"5642",6.63867864030492,6.63867864030492,6.63867864030492,6.63867864030492
"5643",3.83766108099775,3.83766108099775,3.83766108099775,3.83766108099775
"5644",55.7436033306272,55.7436033306272,55.7436033306272,55.7436033306272
"5645",31.912418373837,31.912418373837,31.912418373837,31.912418373837
"5646",40.1946019613265,40.1946019613265,40.1946019613265,40.1946019613265
"5647",39.1373388836211,39.1373388836211,39.1373388836211,39.1373388836211
"5648",21.5063332274329,21.5063332274329,21.5063332274329,21.5063332274329
"5649",41.9511715659407,41.9511715659407,41.9511715659407,41.9511715659407
"5650",34.7568782133292,34.7568782133292,34.7568782133292,34.7568782133292
"5651",25.9558951601276,25.9558951601276,25.9558951601276,25.9558951601276
"5652",30.970319012417,30.970319012417,30.970319012417,30.970319012417
"5653",27.5193207039455,27.5193207039455,27.5193207039455,27.5193207039455
"5654",21.9405869786039,21.9405869786039,21.9405869786039,21.9405869786039
"5655",34.1313013057554,34.1313013057554,34.1313013057554,34.1313013057554
"5656",35.6264957092091,35.6264957092091,35.6264957092091,35.6264957092091
"5657",34.8418813517643,34.8418813517643,34.8418813517643,34.8418813517643
"5658",46.5014210578015,46.5014210578015,46.5014210578015,46.5014210578015
"5659",23.5824299470474,23.5824299470474,23.5824299470474,23.5824299470474
"5660",28.7014776580954,28.7014776580954,28.7014776580954,28.7014776580954
"5661",4.15158566479886,4.15158566479886,4.15158566479886,4.15158566479886
"5662",7.59612547891557,7.59612547891557,7.59612547891557,7.59612547891557
"5663",6.7525969527794,6.7525969527794,6.7525969527794,6.7525969527794
"5664",8.18747006903985,8.18747006903985,8.18747006903985,8.18747006903985
"5665",10.0482220369145,10.0482220369145,10.0482220369145,10.0482220369145
"5666",7.06931825545435,7.06931825545435,7.06931825545435,7.06931825545435
"5667",9.62290293643617,9.62290293643617,9.62290293643617,9.62290293643617
"5668",10.6669810380883,10.6669810380883,10.6669810380883,10.6669810380883
"5669",12.4024480902118,12.4024480902118,12.4024480902118,12.4024480902118
"5670",10.841488967523,10.841488967523,10.841488967523,10.841488967523
"5671",15.6208287519469,15.6208287519469,15.6208287519469,15.6208287519469
"5672",4.66429196255391,4.66429196255391,4.66429196255391,4.66429196255391
"5673",9.52949209754695,9.52949209754695,9.52949209754695,9.52949209754695
"5674",20.8939262344761,20.8939262344761,20.8939262344761,20.8939262344761
"5675",7.83044033953717,7.83044033953717,7.83044033953717,7.83044033953717
"5676",14.5297926250561,14.5297926250561,14.5297926250561,14.5297926250561
"5677",6.53304193952107,6.59890130217577,6.66533645555142,6.73235243363166
"5678",16.1995928790378,16.1995928790378,16.1995928790378,16.1995928790378
"5679",19.4655781027367,19.4655781027367,19.4655781027367,19.4655781027367
"5680",19.0743536695215,19.0743536695215,19.0743536695215,19.0743536695215
"5681",52.0842322582962,52.0842322582962,52.0842322582962,52.0842322582962
"5682",59.7197700870457,59.7197700870457,59.7197700870457,59.7197700870457
"5683",26.0433461451528,26.0433461451528,26.0433461451528,26.0433461451528
"5684",19.3821783107166,19.3821783107166,19.3821783107166,19.3821783107166
"5685",37.6724026225412,37.6724026225412,37.6724026225412,37.6724026225412
"5686",36.0037935739375,36.0037935739375,36.0037935739375,36.0037935739375
"5687",40.7768144290561,40.7768144290561,40.7768144290561,40.7768144290561
"5688",11.9619028494289,11.9619028494289,11.9619028494289,11.9619028494289
"5689",6.80356802172819,6.80356802172819,6.80356802172819,6.80356802172819
"5690",3.04865531550901,3.04865531550901,3.04865531550901,3.04865531550901
"5691",28.5694555787822,28.5694555787822,28.5694555787822,28.5694555787822
"5692",35.8347190177987,35.8347190177987,35.8347190177987,35.8347190177987
"5693",38.1619901458915,38.1619901458915,38.1619901458915,38.1619901458915
"5694",14.4590974416484,14.4590974416484,14.4590974416484,14.4590974416484
"5695",6.592087171694,6.68436372865959,6.77776184321177,6.87229514710557
"5696",24.9628624278725,24.9628624278725,24.9628624278725,24.9628624278725
"5697",25.1200476650273,25.1200476650273,25.1200476650273,25.1200476650273
"5698",27.5944996890435,27.5944996890435,27.5944996890435,27.5944996890435
"5699",32.2988352617982,32.2988352617982,32.2988352617982,32.2988352617982
"5700",18.8739377164579,18.8739377164579,18.8739377164579,18.8739377164579
"5701",8.89263168426086,8.89263168426086,8.89263168426086,8.89263168426086
"5702",47.6796526689048,47.6796526689048,47.6796526689048,47.6796526689048
"5703",44.6730975687438,45.1908099826594,45.7143907558015,46.243906407031
"5704",5.31909526229127,5.31909526229127,5.31909526229127,5.31909526229127
"5705",7.66481355706755,7.66481355706755,7.66481355706755,7.66481355706755
"5706",15.2709695308678,15.2709695308678,15.2709695308678,15.2709695308678
"5707",39.414793574892,39.414793574892,39.414793574892,39.414793574892
"5708",52.6154798138641,52.6154798138641,52.6154798138641,52.6154798138641
"5709",32.4294886077522,32.4294886077522,32.4294886077522,32.4294886077522
"5710",32.8728278764395,32.8728278764395,32.8728278764395,32.8728278764395
"5711",47.9881609084387,47.9881609084387,47.9881609084387,47.9881609084387
"5712",54.54350207628,54.54350207628,54.54350207628,54.54350207628
"5713",58.2769626942747,59.3239519328023,60.3894337933499,61.4737349049376
"5714",36.6012813429907,36.6012813429907,36.6012813429907,36.6012813429907
"5715",57.9159497891873,58.764985198576,59.6262560234841,60.4999385879982
"5716",56.6318680932599,57.8481008765854,59.0900004000701,60.3581083211658
"5717",29.7942727766698,29.7942727766698,29.7942727766698,29.7942727766698
"5718",12.5877994976782,12.5877994976782,12.5877994976782,12.5877994976782
"5719",26.9798777515229,26.9798777515229,26.9798777515229,26.9798777515229
"5720",10.25447649484,10.25447649484,10.25447649484,10.25447649484
"5721",3.71393657072612,3.71393657072612,3.71393657072612,3.71393657072612
"5722",15.9165860838969,15.9165860838969,15.9165860838969,15.9165860838969
"5723",4.27911348645929,4.27911348645929,4.27911348645929,4.27911348645929
"5724",29.9856765011739,29.9856765011739,29.9856765011739,29.9856765011739
"5725",74.458993521619,75.8118908160596,77.1890440805825,78.5908881982252
"5726",26.7109264851693,26.7109264851693,26.7109264851693,26.7109264851693
"5727",21.8782493713623,21.8782493713623,21.8782493713623,21.8782493713623
"5728",7.06828920694075,7.06828920694075,7.06828920694075,7.06828920694075
"5729",37.0054697393763,37.5842708322928,38.1718867275907,38.7684516695585
"5730",25.2244931152828,25.2244931152828,25.2244931152828,25.2244931152828
"5731",43.6024976344474,44.4480606014126,45.3096535390974,46.1875803396676
"5732",22.5995024321472,22.5995024321472,22.5995024321472,22.5995024321472
"5733",25.9387781811853,25.9387781811853,25.9387781811853,25.9387781811853
"5734",23.1988977325886,23.1988977325886,23.1988977325886,23.1988977325886
"5735",46.9814851955314,47.9531849916682,48.9445632218918,49.9560184051376
"5736",51.8915685272509,53.2633547758499,54.6707194269097,56.1145852355045
"5737",7.25069705525185,7.25069705525185,7.25069705525185,7.25069705525185
"5738",1207.40087410635,1207.40087410635,1207.40087410635,1207.40087410635
"5739",798.212175626884,798.212175626884,798.212175626884,798.212175626884
"5740",945.049345045262,945.049345045262,945.049345045262,945.049345045262
"5741",204.274191304071,204.274191304071,204.274191304071,204.274191304071
"5742",4.07471193371016,4.07471193371016,4.07471193371016,4.07471193371016
"5743",8.00757592707027,8.00757592707027,8.00757592707027,8.00757592707027
"5744",4.19044399378893,4.19044399378893,4.19044399378893,4.19044399378893
"5745",10.4437479137626,10.4437479137626,10.4437479137626,10.4437479137626
"5746",6.55822241612995,6.55822241612995,6.55822241612995,6.55822241612995
"5747",5.98095437188076,5.89697159027101,5.81399914438775,5.73202487961714
"5748",7.7541800185527,7.7541800185527,7.7541800185527,7.7541800185527
"5749",9.95906020231261,9.95906020231261,9.95906020231261,9.95906020231261
"5750",4.4073533990959,4.4073533990959,4.4073533990959,4.4073533990959
"5751",9.8857901777453,9.8857901777453,9.8857901777453,9.8857901777453
"5752",17.2721200694466,17.2721200694466,17.2721200694466,17.2721200694466
"5753",5.85776872217683,5.85776872217683,5.85776872217683,5.85776872217683
"5754",7.96076791989377,7.96076791989377,7.96076791989377,7.96076791989377
"5755",13.7788669195484,13.7788669195484,13.7788669195484,13.7788669195484
"5756",12.7322097815418,12.7322097815418,12.7322097815418,12.7322097815418
"5757",11.8753487746047,11.8753487746047,11.8753487746047,11.8753487746047
"5758",8.44100136116143,8.44100136116143,8.44100136116143,8.44100136116143
"5759",4.51129801698903,4.51129801698903,4.51129801698903,4.51129801698903
"5760",8.68535213711272,8.6850052783148,8.68471253553795,8.68446546446659
"5761",3.92782650730442,3.85662817248658,3.78645852706625,3.71730270830992
"5762",7.15577162847346,7.15577162847346,7.15577162847346,7.15577162847346
"5763",2.57633319964867,2.57633319964867,2.57633319964867,2.57633319964867
"5764",4.67792488693936,4.67792488693936,4.67792488693936,4.67792488693936
"5765",27.3166907841919,26.8992082476378,26.4878807971301,26.0826176861563
"5766",10.9339550950306,11.0360778477681,11.1390744982657,11.242952524752
"5767",26.5940512208146,26.5940512208146,26.5940512208146,26.5940512208146
"5768",11.6037904172652,11.6031130215648,11.6025711312144,11.6021376357072
"5769",16.5783446554104,16.5783446554104,16.5783446554104,16.5783446554104
"5770",6.17064235263054,6.17064235263054,6.17064235263054,6.17064235263054
"5771",6.03017278599231,6.03017278599231,6.03017278599231,6.03017278599231
"5772",2.28300338853959,2.28300338853959,2.28300338853959,2.28300338853959
"5773",8.52299946525561,8.52299946525561,8.52299946525561,8.52299946525561
"5774",10.3305800131061,10.3305800131061,10.3305800131061,10.3305800131061
"5775",19.3200307470509,19.3200307470509,19.3200307470509,19.3200307470509
"5776",14.2179397280995,14.2179397280995,14.2179397280995,14.2179397280995
"5777",4.87562571419841,4.87562571419841,4.87562571419841,4.87562571419841
"5778",6.02783386293704,5.99922305851574,5.9722363392154,5.94677615470733
"5779",4.4696158828317,4.4696158828317,4.4696158828317,4.4696158828317
"5780",6.18381194061244,6.18381194061244,6.18381194061244,6.18381194061244
"5781",6.86255131977879,6.86255131977879,6.86255131977879,6.86255131977879
"5782",14.9924003309385,14.9924003309385,14.9924003309385,14.9924003309385
"5783",98.4607904231875,98.2519993899458,98.0530481889725,97.8634555031158
"5784",111.159293168932,111.126083280459,111.095539726435,111.067447794787
"5785",93.078008153348,93.0381426546561,93.0011221123631,92.966742501741
"5786",31.7523324485207,31.3884762394231,31.0286622261326,30.6728455025942
"5787",57.9796457330174,57.9796457330174,57.9796457330174,57.9796457330174
"5788",83.7475732334813,83.7475732334813,83.7475732334813,83.7475732334813
"5789",31.1319866100735,31.1319866100735,31.1319866100735,31.1319866100735
"5790",28.2830624060568,28.2830624060568,28.2830624060568,28.2830624060568
"5791",30.0100177882117,29.6525393819392,29.2991819281869,28.9498979212888
"5792",44.9100498813147,44.4911763502539,44.0761245322052,43.664859558672
"5793",15.2694041532476,15.2694041532476,15.2694041532476,15.2694041532476
"5794",24.7940582294447,24.7940582294447,24.7940582294447,24.7940582294447
"5795",21.42476631281,21.42476631281,21.42476631281,21.42476631281
"5796",19.6889829325975,19.6889829325975,19.6889829325975,19.6889829325975
"5797",21.8951182286854,21.8951182286854,21.8951182286854,21.8951182286854
"5798",30.5277391651938,30.5277391651938,30.5277391651938,30.5277391651938
"5799",19.0159185677739,19.0159185677739,19.0159185677739,19.0159185677739
"5800",8.78920548422777,8.78920548422777,8.78920548422777,8.78920548422777
"5801",6.69856282740832,6.69856282740832,6.69856282740832,6.69856282740832
"5802",14.2064045317141,14.2239734869757,14.2403198084113,14.2555273833739
"5803",9.75544948285988,9.75544948285988,9.75544948285988,9.75544948285988
"5804",11.0324957556139,11.0325720082641,11.0326330107364,11.0326818129403
"5805",4.18422170577361,4.18422170577361,4.18422170577361,4.18422170577361
"5806",15.5275291847618,15.8376101223299,16.1535086377566,16.4753338774228
"5807",11.2104374718794,11.2104374718794,11.2104374718794,11.2104374718794
"5808",12.741929303265,12.741929303265,12.741929303265,12.741929303265
"5809",12.316393439645,12.4210163651782,12.5264612817857,12.6327346476056
"5810",6.39837428576656,6.39837428576656,6.39837428576656,6.39837428576656
"5811",34.1924684951696,34.1924684951696,34.1924684951696,34.1924684951696
"5812",21.5619961295518,21.5619961295518,21.5619961295518,21.5619961295518
"5813",15.3450811630411,15.3450811630411,15.3450811630411,15.3450811630411
"5814",20.8364431882525,20.8490774668931,20.860294555429,20.8702528080602
"5815",26.4299035167566,26.4299035167566,26.4299035167566,26.4299035167566
"5816",48.4015505784795,48.4015505784795,48.4015505784795,48.4015505784795
"5817",32.1915098669547,32.1915098669547,32.1915098669547,32.1915098669547
"5818",23.3165197971446,23.3165197971446,23.3165197971446,23.3165197971446
"5819",28.6456878488662,28.6456878488662,28.6456878488662,28.6456878488662
"5820",23.0555945321051,23.0555945321051,23.0555945321051,23.0555945321051
"5821",91.5046320424344,91.5046320424344,91.5046320424344,91.5046320424344
"5822",55.6271795013146,55.6271795013146,55.6271795013146,55.6271795013146
"5823",70.9688748455091,70.9688748455091,70.9688748455091,70.9688748455091
"5824",58.6569768338174,58.6569768338174,58.6569768338174,58.6569768338174
"5825",26.8309992326051,26.8309992326051,26.8309992326051,26.8309992326051
"5826",60.2121455943652,60.2121455943652,60.2121455943652,60.2121455943652
"5827",68.5810323983477,68.5810323983477,68.5810323983477,68.5810323983477
"5828",31.6593247815429,31.6593247815429,31.6593247815429,31.6593247815429
"5829",35.0793152372986,35.0793152372986,35.0793152372986,35.0793152372986
"5830",33.4401354983745,33.4401354983745,33.4401354983745,33.4401354983745
"5831",62.4636049084604,62.4636049084604,62.4636049084604,62.4636049084604
"5832",57.2484751240899,57.2484751240899,57.2484751240899,57.2484751240899
"5833",9.27377209589232,9.27377209589232,9.27377209589232,9.27377209589232
"5834",12.1553107299015,12.1553107299015,12.1553107299015,12.1553107299015
"5835",6.79235528586009,6.79235528586009,6.79235528586009,6.79235528586009
"5836",29.4018351860105,29.4018351860105,29.4018351860105,29.4018351860105
"5837",6.59182387453705,6.59182387453705,6.59182387453705,6.59182387453705
"5838",54.6569156137993,54.6569156137993,54.6569156137993,54.6569156137993
"5839",40.0553634065656,40.0553634065656,40.0553634065656,40.0553634065656
"5840",47.6978718123051,47.6978718123051,47.6978718123051,47.6978718123051
"5841",34.8792716634897,34.8792716634897,34.8792716634897,34.8792716634897
"5842",20.5803317840098,20.5803317840098,20.5803317840098,20.5803317840098
"5843",30.5562617751095,30.5535964946389,30.551464432337,30.5497588862149
"5844",33.4715202223615,33.4716962429043,33.4718450291619,33.471970794791
"5845",9.68422663879863,9.68422663879863,9.68422663879863,9.68422663879863
"5846",9.00205862092584,9.00205862092584,9.00205862092584,9.00205862092584
"5847",8.25059545800564,8.25059545800564,8.25059545800564,8.25059545800564
"5848",11.6062925831433,11.6062925831433,11.6062925831433,11.6062925831433
"5849",37.8207183182505,37.8207183182505,37.8207183182505,37.8207183182505
"5850",4.66561273140962,4.66561273140962,4.66561273140962,4.66561273140962
"5851",62.4354812592356,62.0917562685905,61.7498937509156,61.4098836144058
"5852",76.1420774287245,75.4534903652224,74.771049780527,74.0947008098234
"5853",46.1633948476446,46.1633948476446,46.1633948476446,46.1633948476446
"5854",70.746622088456,70.4531409203081,70.1608602434662,69.8697751472939
"5855",33.9805138271062,33.9805138271062,33.9805138271062,33.9805138271062
"5856",26.4384785421289,26.4384785421289,26.4384785421289,26.4384785421289
"5857",43.4594202799736,43.2590767015879,43.0596359138627,42.8610938486318
"5858",87.724936520029,87.4284767758065,87.1330076029318,86.8385256915739
"5859",26.8038256789783,26.3193344486732,25.8432856447793,25.375532155111
"5860",18.0047695056573,17.6917892915596,17.3839633948761,17.0812069316851
"5861",27.2464331207089,27.2464331207089,27.2464331207089,27.2464331207089
"5862",7.41692361637101,7.41692361637101,7.41692361637101,7.41692361637101
"5863",16.8173240098509,16.8173240098509,16.8173240098509,16.8173240098509
"5864",11.6654040289115,11.6654040289115,11.6654040289115,11.6654040289115
"5865",8.34698139498864,8.34698139498864,8.34698139498864,8.34698139498864
"5866",8.01461398271942,8.01461398271942,8.01461398271942,8.01461398271942
"5867",5.03837301420843,5.03837301420843,5.03837301420843,5.03837301420843
"5868",19.4282977434116,19.4282977434116,19.4282977434116,19.4282977434116
"5869",17.7897545088387,17.7897545088387,17.7897545088387,17.7897545088387
"5870",15.2521000009839,15.2521000009839,15.2521000009839,15.2521000009839
"5871",8.90190163263316,8.90190163263316,8.90190163263316,8.90190163263316
"5872",5.56423879723237,5.56423879723237,5.56423879723237,5.56423879723237
"5873",6.37862812091941,6.37862812091941,6.37862812091941,6.37862812091941
"5874",9.580935426953,9.580935426953,9.580935426953,9.580935426953
"5875",3.5481492344594,3.5481492344594,3.5481492344594,3.5481492344594
"5876",7.08797384001235,7.08130627370812,7.07530624661247,7.06990650576274
"5877",16.1448085623264,16.1448085623264,16.1448085623264,16.1448085623264
"5878",8.51700839284956,8.51700839284956,8.51700839284956,8.51700839284956
"5879",27.456187498181,27.456187498181,27.456187498181,27.456187498181
"5880",41.4869718569261,41.4869718569261,41.4869718569261,41.4869718569261
"5881",22.2106107833616,22.2106107833616,22.2106107833616,22.2106107833616
"5882",19.7836027124469,19.7836027124469,19.7836027124469,19.7836027124469
"5883",30.4531412454023,30.4531412454023,30.4531412454023,30.4531412454023
"5884",6.40000348514387,6.40000348514387,6.40000348514387,6.40000348514387
"5885",44.3567769829022,44.3567769829022,44.3567769829022,44.3567769829022
"5886",41.0160229430101,41.0160229430101,41.0160229430101,41.0160229430101
"5887",28.5411805652435,28.5411805652435,28.5411805652435,28.5411805652435
"5888",8.02961289202969,8.02961289202969,8.02961289202969,8.02961289202969
"5889",33.0543658763678,33.0543658763678,33.0543658763678,33.0543658763678
"5890",9.8254203554085,9.8254203554085,9.8254203554085,9.8254203554085
"5891",17.2648629095055,17.2648629095055,17.2648629095055,17.2648629095055
"5892",44.4498034857677,44.4498034857677,44.4498034857677,44.4498034857677
"5893",40.7092580727252,40.7092580727252,40.7092580727252,40.7092580727252
"5894",3.76363843438617,3.76363843438617,3.76363843438617,3.76363843438617
"5895",12.0607051782002,12.0607051782002,12.0607051782002,12.0607051782002
"5896",31.8109086506235,31.8109086506235,31.8109086506235,31.8109086506235
"5897",18.8607431823996,18.8607431823996,18.8607431823996,18.8607431823996
"5898",17.4157409141727,17.4157409141727,17.4157409141727,17.4157409141727
"5899",4.47558348694513,4.47558348694513,4.47558348694513,4.47558348694513
"5900",23.4704413547579,23.4704413547579,23.4704413547579,23.4704413547579
"5901",29.8202906917897,30.2502493196396,30.6862060875949,31.128244672741
"5902",66.8197320265276,66.8197320265276,66.8197320265276,66.8197320265276
"5903",8.97554979726046,8.97554979726046,8.97554979726046,8.97554979726046
"5904",12.0569956762021,11.9246137854753,11.7935740844395,11.6638629649406
"5905",10.307228046582,10.307228046582,10.307228046582,10.307228046582
"5906",14.7440328624785,14.7440328624785,14.7440328624785,14.7440328624785
"5907",20.7701965332366,20.7701965332366,20.7701965332366,20.7701965332366
"5908",4.40158506420006,4.40158506420006,4.40158506420006,4.40158506420006
"5909",35.4858058830885,35.4858058830885,35.4858058830885,35.4858058830885
"5910",34.7096491015456,34.7096491015456,34.7096491015456,34.7096491015456
"5911",54.953814702263,54.953814702263,54.953814702263,54.953814702263
"5912",40.1023332496162,40.1023332496162,40.1023332496162,40.1023332496162
"5913",59.4661089221027,59.4661089221027,59.4661089221027,59.4661089221027
"5914",34.2671514907378,34.2671514907378,34.2671514907378,34.2671514907378
"5915",55.1462385137343,55.1462385137343,55.1462385137343,55.1462385137343
"5916",33.6570483222833,33.6570483222833,33.6570483222833,33.6570483222833
"5917",36.0181275969361,36.0181275969361,36.0181275969361,36.0181275969361
"5918",35.8093041290286,35.8093041290286,35.8093041290286,35.8093041290286
"5919",22.1022868295481,22.1022868295481,22.1022868295481,22.1022868295481
"5920",52.3700521373717,52.3700521373717,52.3700521373717,52.3700521373717
"5921",45.4698345611307,45.4698345611307,45.4698345611307,45.4698345611307
"5922",40.9112154701914,39.2651053737545,37.683648101608,36.1643043414071
"5923",49.0917633238472,48.2570148375826,47.4361769224196,46.62901776723
"5924",69.3266596705963,69.3266596705963,69.3266596705963,69.3266596705963
"5925",104.83493506934,104.83493506934,104.83493506934,104.83493506934
"5926",92.4225641786678,92.4225641786678,92.4225641786678,92.4225641786678
"5927",54.3751373885616,54.3751373885616,54.3751373885616,54.3751373885616
"5928",20.3902849665974,20.3902849665974,20.3902849665974,20.3902849665974
"5929",26.8369136934832,26.8369136934832,26.8369136934832,26.8369136934832
"5930",17.0620643835601,17.0620643835601,17.0620643835601,17.0620643835601
"5931",27.3722738550981,27.3722738550981,27.3722738550981,27.3722738550981
"5932",19.6653462599293,19.6653462599293,19.6653462599293,19.6653462599293
"5933",41.9804726706907,41.9804726706907,41.9804726706907,41.9804726706907
"5934",13.6342984591698,13.6342984591698,13.6342984591698,13.6342984591698
"5935",37.3001595036246,37.3001595036246,37.3001595036246,37.3001595036246
"5936",27.1371915189755,27.1371915189755,27.1371915189755,27.1371915189755
"5937",43.7820149037012,43.7820149037012,43.7820149037012,43.7820149037012
"5938",38.0728253037399,38.0728253037399,38.0728253037399,38.0728253037399
"5939",47.0337680652096,47.0337680652096,47.0337680652096,47.0337680652096
"5940",7.91426480216667,7.91426480216667,7.91426480216667,7.91426480216667
"5941",8.99284050094676,8.99284050094676,8.99284050094676,8.99284050094676
"5942",7.85519095539766,7.85519095539766,7.85519095539766,7.85519095539766
"5943",12.0624342153772,12.0624342153772,12.0624342153772,12.0624342153772
"5944",4.09569026586108,4.02481125153287,3.95491813595636,3.88599720567407
"5945",6.49548354817365,6.49548354817365,6.49548354817365,6.49548354817365
"5946",6.07975423158129,6.00691079018529,5.93721428803911,5.87050610293225
"5947",22.6986749567276,22.6986749567276,22.6986749567276,22.6986749567276
"5948",11.2883071067923,11.118540290457,10.9511188559289,10.7860104010227
"5949",65.0319582952721,65.0319582952721,65.0319582952721,65.0319582952721
"5950",38.6826637309724,38.6826637309724,38.6826637309724,38.6826637309724
"5951",9.90545273128858,9.90545273128858,9.90545273128858,9.90545273128858
"5952",17.0158791099819,17.0158791099819,17.0158791099819,17.0158791099819
"5953",19.0700391948801,19.0700391948801,19.0700391948801,19.0700391948801
"5954",20.2024120308126,20.2024120308126,20.2024120308126,20.2024120308126
"5955",23.2105147628619,23.2105147628619,23.2105147628619,23.2105147628619
"5956",11.3493607178648,11.3493607178648,11.3493607178648,11.3493607178648
"5957",19.9788068099051,19.9788068099051,19.9788068099051,19.9788068099051
"5958",30.7774721042595,30.7774721042595,30.7774721042595,30.7774721042595
"5959",22.6295594640843,22.6295594640843,22.6295594640843,22.6295594640843
"5960",22.7956645741008,22.7956645741008,22.7956645741008,22.7956645741008
"5961",14.4748129480827,14.4748129480827,14.4748129480827,14.4748129480827
"5962",42.946179761252,42.946179761252,42.946179761252,42.946179761252
"5963",17.6359502718939,17.6359502718939,17.6359502718939,17.6359502718939
"5964",43.5475441050815,43.5475441050815,43.5475441050815,43.5475441050815
"5965",15.7499127226842,15.7499127226842,15.7499127226842,15.7499127226842
"5966",42.7925882342506,42.7925882342506,42.7925882342506,42.7925882342506
"5967",4.43478356372136,4.43478356372136,4.43478356372136,4.43478356372136
"5968",17.2934396684079,17.2934396684079,17.2934396684079,17.2934396684079
"5969",28.4895756822452,28.4895756822452,28.4895756822452,28.4895756822452
"5970",59.7332971133354,59.4507742832642,59.169565710006,58.8896652798215
"5971",199.892739683021,201.34761722798,202.813031085372,204.289057559819
"5972",21.0209070561328,21.0209070561328,21.0209070561328,21.0209070561328
"5973",39.2608282509074,38.8497079814732,38.4427858342159,38.0400189403423
"5974",17.9064827295161,17.9064827295161,17.9064827295161,17.9064827295161
"5975",36.9218587503273,36.6723836804777,36.4245498226502,36.1783463798663
"5976",59.4877689633703,59.4877689633703,59.4877689633703,59.4877689633703
"5977",70.6742868722022,70.6742868722022,70.6742868722022,70.6742868722022
"5978",407.778283298641,407.778283298641,407.778283298641,407.778283298641
"5979",3.89035327734929,3.89035327734929,3.89035327734929,3.89035327734929
"5980",3.29564664706914,3.29564664706914,3.29564664706914,3.29564664706914
"5981",5.93235194537888,5.85113400983821,5.77086760605841,5.69154158609923
"5982",5.15062235608943,5.15062235608943,5.15062235608943,5.15062235608943
"5983",21.556744251512,21.556744251512,21.556744251512,21.556744251512
"5984",17.6720020654537,17.6720020654537,17.6720020654537,17.6720020654537
"5985",3.27387584663346,3.27387584663346,3.27387584663346,3.27387584663346
"5986",12.0218004752893,12.0218004752893,12.0218004752893,12.0218004752893
"5987",14.3235326794446,14.3235326794446,14.3235326794446,14.3235326794446
"5988",5.38902753792469,5.38902753792469,5.38902753792469,5.38902753792469
"5989",10.2571271317552,10.2571271317552,10.2571271317552,10.2571271317552
"5990",25.1538732814876,25.1538732814876,25.1538732814876,25.1538732814876
"5991",56.9039601788127,56.9039601788127,56.9039601788127,56.9039601788127
"5992",5.12866381922595,5.12866381922595,5.12866381922595,5.12866381922595
"5993",10.5995695935485,10.5995695935485,10.5995695935485,10.5995695935485
"5994",9.49449030557378,9.49449030557378,9.49449030557378,9.49449030557378
"5995",4.92404434363346,4.92404434363346,4.92404434363346,4.92404434363346
"5996",6.74824819148489,6.74824819148489,6.74824819148489,6.74824819148489
"5997",5.15427593302591,5.15427593302591,5.15427593302591,5.15427593302591
"5998",6.25186772211579,6.25186772211579,6.25186772211579,6.25186772211579
"5999",5.15078358957335,5.15078358957335,5.15078358957335,5.15078358957335
"6000",8.96979169391498,9.08129119001467,9.19403766679481,9.30804507015537
"6001",8.0123191965307,8.0123191965307,8.0123191965307,8.0123191965307
"6002",27.1617503998062,27.1617503998062,27.1617503998062,27.1617503998062
"6003",12.8780926923217,12.8780926923217,12.8780926923217,12.8780926923217
"6004",9.16366226863214,9.16366226863214,9.16366226863214,9.16366226863214
"6005",17.8803325416645,17.8803325416645,17.8803325416645,17.8803325416645
"6006",3.44170332506253,3.44170332506253,3.44170332506253,3.44170332506253
"6007",5.31737854978876,5.31737854978876,5.31737854978876,5.31737854978876
"6008",7.53462651016447,7.53462651016447,7.53462651016447,7.53462651016447
"6009",10.0933152032394,10.0933152032394,10.0933152032394,10.0933152032394
"6010",3.63435177724437,3.63435177724437,3.63435177724437,3.63435177724437
"6011",6.99439417381276,6.99439417381276,6.99439417381276,6.99439417381276
"6012",7.40357247275962,7.40357247275962,7.40357247275962,7.40357247275962
"6013",9.82802817726953,9.90549810597076,9.98352229900848,10.0621047219079
"6014",10.0003035024833,10.1260340255379,10.2532016147992,10.3818226955492
"6015",6.73889076930778,6.73889076930778,6.73889076930778,6.73889076930778
"6016",6.71946498235849,6.71946498235849,6.71946498235849,6.71946498235849
"6017",3.88445059318217,3.88445059318217,3.88445059318217,3.88445059318217
"6018",15.7970786241426,15.7970786241426,15.7970786241426,15.7970786241426
"6019",27.8521137422527,27.8521137422527,27.8521137422527,27.8521137422527
"6020",4.66051924074581,4.66051924074581,4.66051924074581,4.66051924074581
"6021",10.8756953100768,10.8756953100768,10.8756953100768,10.8756953100768
"6022",9.30055586372206,9.30055586372206,9.30055586372206,9.30055586372206
"6023",9.506130270295,9.506130270295,9.506130270295,9.506130270295
"6024",13.8548845173673,13.8548845173673,13.8548845173673,13.8548845173673
"6025",15.9891267618852,15.9891267618852,15.9891267618852,15.9891267618852
"6026",19.0406220933949,19.2571273901909,19.4759716634578,19.6971801819121
"6027",5.67867750203109,5.67867750203109,5.67867750203109,5.67867750203109
"6028",7.52496424659665,7.52496424659665,7.52496424659665,7.52496424659665
"6029",6.79085135440473,6.79085135440473,6.79085135440473,6.79085135440473
"6030",4.1867307384176,4.1867307384176,4.1867307384176,4.1867307384176
"6031",3.83002937023875,3.83002937023875,3.83002937023875,3.83002937023875
"6032",5.9174853235727,5.9174853235727,5.9174853235727,5.9174853235727
"6033",3.90035544645714,3.90035544645714,3.90035544645714,3.90035544645714
"6034",5.11490621616559,5.11490621616559,5.11490621616559,5.11490621616559
"6035",8.82852095000289,8.82852095000289,8.82852095000289,8.82852095000289
"6036",11.963344112387,11.963344112387,11.963344112387,11.963344112387
"6037",10.2595271517439,10.2595271517439,10.2595271517439,10.2595271517439
"6038",3.90044110720102,3.90044110720102,3.90044110720102,3.90044110720102
"6039",5.15806780405359,5.15806780405359,5.15806780405359,5.15806780405359
"6040",10.8614884465507,10.8614884465507,10.8614884465507,10.8614884465507
"6041",17.2485171894648,17.2485171894648,17.2485171894648,17.2485171894648
"6042",7.49932911619618,7.49932911619618,7.49932911619618,7.49932911619618
"6043",10.3391157401573,10.3391157401573,10.3391157401573,10.3391157401573
"6044",13.7001858712504,13.7001858712504,13.7001858712504,13.7001858712504
"6045",7.00415278274961,7.00415278274961,7.00415278274961,7.00415278274961
"6046",17.5899903216357,17.6191706160716,17.6462684942303,17.6714297979397
"6047",13.6745562052569,13.9257257948789,14.181194401239,14.4410356062742
"6048",12.4212662886162,12.4212662886162,12.4212662886162,12.4212662886162
"6049",16.7184627856907,16.7260361557991,16.7328502107902,16.7389808301389
"6050",17.3518693356206,17.3518693356206,17.3518693356206,17.3518693356206
"6051",11.6983520835719,11.8849675971358,12.0743256200957,12.2664664564844
"6052",30.9739228104601,30.9739228104601,30.9739228104601,30.9739228104601
"6053",11.2730708762318,11.2730708762318,11.2730708762318,11.2730708762318
"6054",11.3284977276219,11.3284977276219,11.3284977276219,11.3284977276219
"6055",15.732414496194,15.732414496194,15.732414496194,15.732414496194
"6056",11.7095013812485,11.7095013812485,11.7095013812485,11.7095013812485
"6057",18.5559198843253,18.5559198843253,18.5559198843253,18.5559198843253
"6058",26.1138330276697,26.1138330276697,26.1138330276697,26.1138330276697
"6059",36.2423211234893,36.2423211234893,36.2423211234893,36.2423211234893
"6060",8.19763335707404,8.19763335707404,8.19763335707404,8.19763335707404
"6061",14.7744954026013,14.7744954026013,14.7744954026013,14.7744954026013
"6062",13.0588283970955,13.0588283970955,13.0588283970955,13.0588283970955
"6063",14.7125945753131,14.7125945753131,14.7125945753131,14.7125945753131
"6064",15.8655458894067,15.8655458894067,15.8655458894067,15.8655458894067
"6065",17.5708462193475,17.5708462193475,17.5708462193475,17.5708462193475
"6066",10.3873672798748,10.3873672798748,10.3873672798748,10.3873672798748
"6067",61.0624562164372,61.0624562164372,61.0624562164372,61.0624562164372
"6068",36.7915724697179,36.7915724697179,36.7915724697179,36.7915724697179
"6069",30.8502359155286,30.8502359155286,30.8502359155286,30.8502359155286
"6070",46.9799834938787,46.9799834938787,46.9799834938787,46.9799834938787
"6071",35.2382384950905,35.2382384950905,35.2382384950905,35.2382384950905
"6072",22.0709298604438,22.0709298604438,22.0709298604438,22.0709298604438
"6073",24.6391168444186,24.6391168444186,24.6391168444186,24.6391168444186
"6074",51.1702530410298,51.1702530410298,51.1702530410298,51.1702530410298
"6075",20.3851802137009,20.3851802137009,20.3851802137009,20.3851802137009
"6076",14.676435842242,14.676435842242,14.676435842242,14.676435842242
"6077",36.5402446516929,36.5402446516929,36.5402446516929,36.5402446516929
"6078",13.7161897241023,13.7161897241023,13.7161897241023,13.7161897241023
"6079",33.991775708125,33.991775708125,33.991775708125,33.991775708125
"6080",20.1033931771433,20.3693836625548,20.6387267338627,20.9114646475866
"6081",12.9853082239943,12.9853082239943,12.9853082239943,12.9853082239943
"6082",10.027779287651,10.027779287651,10.027779287651,10.027779287651
"6083",14.5903430009436,14.5903430009436,14.5903430009436,14.5903430009436
"6084",36.8508671892093,36.8508671892093,36.8508671892093,36.8508671892093
"6085",24.7679953193709,24.7715306725258,24.7745614468724,24.777159610507
"6086",59.1768480152107,59.1943627398947,59.209871534335,59.2236037018168
"6087",21.4427806782058,21.4427806782058,21.4427806782058,21.4427806782058
"6088",19.7309240756254,19.7309240756254,19.7309240756254,19.7309240756254
"6089",71.9464977237809,71.9464977237809,71.9464977237809,71.9464977237809
"6090",49.4480987988286,49.4480987988286,49.4480987988286,49.4480987988286
"6091",50.9021176563443,50.9021176563443,50.9021176563443,50.9021176563443
"6092",76.2463029053439,76.2463029053439,76.2463029053439,76.2463029053439
"6093",52.6683663746144,52.6683663746144,52.6683663746144,52.6683663746144
"6094",55.0509101867621,55.0509101867621,55.0509101867621,55.0509101867621
"6095",23.0941580106959,23.0941580106959,23.0941580106959,23.0941580106959
"6096",41.3449436816013,41.3449436816013,41.3449436816013,41.3449436816013
"6097",35.8198579756313,35.8490289460862,35.8753591311843,35.8991234228091
"6098",32.2225031421255,32.2281545783704,32.2330473742531,32.2372832782094
"6099",6.74493395922374,6.74493395922374,6.74493395922374,6.74493395922374
"6100",5.77214922446523,5.77214922446523,5.77214922446523,5.77214922446523
"6101",7.97800165320367,7.97800165320367,7.97800165320367,7.97800165320367
"6102",14.3140386216688,14.3140386216688,14.3140386216688,14.3140386216688
"6103",11.5387715349905,11.5387715349905,11.5387715349905,11.5387715349905
"6104",25.5303028212242,25.5303028212242,25.5303028212242,25.5303028212242
"6105",12.7292968957722,12.7292968957722,12.7292968957722,12.7292968957722
"6106",4.42075118817848,4.42075118817848,4.42075118817848,4.42075118817848
"6107",16.2004195165706,16.1999424582811,16.1995533967202,16.199236098804
"6108",21.499595871531,21.499595871531,21.499595871531,21.499595871531
"6109",16.0162629491846,16.0297248694693,16.0421904620382,16.0537328093981
"6110",53.0960097551328,53.0960097551328,53.0960097551328,53.0960097551328
"6111",41.7472553072479,41.7472553072479,41.7472553072479,41.7472553072479
"6112",33.6816028418834,33.6816028418834,33.6816028418834,33.6816028418834
"6113",48.4200027246511,48.4200027246511,48.4200027246511,48.4200027246511
"6114",19.7236557105509,19.7236557105509,19.7236557105509,19.7236557105509
"6115",38.3811043477045,38.9505619963847,39.5282541021481,40.1142997366827
"6116",15.9989133939902,15.9989133939902,15.9989133939902,15.9989133939902
"6117",8.29912249612752,8.29912249612752,8.29912249612752,8.29912249612752
"6118",22.3060375048301,22.3060375048301,22.3060375048301,22.3060375048301
"6119",17.3126742585515,17.3126742585515,17.3126742585515,17.3126742585515
"6120",88.3261438106663,88.3261438106663,88.3261438106663,88.3261438106663
"6121",89.248808052417,89.248808052417,89.248808052417,89.248808052417
"6122",101.11960516984,101.11960516984,101.11960516984,101.11960516984
"6123",106.504610598892,106.504610598892,106.504610598892,106.504610598892
"6124",86.4297889415165,86.4297889415165,86.4297889415165,86.4297889415165
"6125",78.998789743391,78.998789743391,78.998789743391,78.998789743391
"6126",45.3471135485178,44.5981963655585,43.8613808412353,43.1364714263671
"6127",103.482287779211,103.482287779211,103.482287779211,103.482287779211
"6128",56.9064984064876,56.9064984064876,56.9064984064876,56.9064984064876
"6129",112.578228575025,112.578228575025,112.578228575025,112.578228575025
"6130",45.0053392695878,45.0053392695878,45.0053392695878,45.0053392695878
"6131",60.2180632508749,60.2180632508749,60.2180632508749,60.2180632508749
"6132",44.1021107186243,44.1021107186243,44.1021107186243,44.1021107186243
"6133",27.6558127971798,27.6558127971798,27.6558127971798,27.6558127971798
"6134",80.095564835112,80.095564835112,80.095564835112,80.095564835112
"6135",10.9785570323136,10.9785570323136,10.9785570323136,10.9785570323136
"6136",7.81867381301522,7.81867381301522,7.81867381301522,7.81867381301522
"6137",16.4415295133127,16.4431409815763,16.4445313217333,16.4457308631452
"6138",40.4213842735413,40.4213842735413,40.4213842735413,40.4213842735413
"6139",52.1577774351898,52.1577774351898,52.1577774351898,52.1577774351898
"6140",53.8611225504142,53.8611225504142,53.8611225504142,53.8611225504142
"6141",7.34745604314493,7.34745604314493,7.34745604314493,7.34745604314493
"6142",6.27160846880605,6.27160846880605,6.27160846880605,6.27160846880605
"6143",6.75157624965111,6.75157624965111,6.75157624965111,6.75157624965111
"6144",13.1951595868979,13.1951595868979,13.1951595868979,13.1951595868979
"6145",8.48445767393822,8.48445767393822,8.48445767393822,8.48445767393822
"6146",7.44925033052951,7.44925033052951,7.44925033052951,7.44925033052951
"6147",10.7199137215962,10.7199137215962,10.7199137215962,10.7199137215962
"6148",13.4412362509581,13.4412362509581,13.4412362509581,13.4412362509581
"6149",51.3279007086713,51.3709632020001,51.4054387106363,51.4330354574578
"6150",127.580470138077,127.580470138077,127.580470138077,127.580470138077
"6151",17.0922273656681,17.0922273656681,17.0922273656681,17.0922273656681
"6152",24.3101463670193,24.0647862963753,23.8218047802997,23.5811787607544
"6153",24.8267958876555,24.9830103818933,25.1401697462698,25.2982796958728
"6154",107.864521903033,107.864521903033,107.864521903033,107.864521903033
"6155",35.839259237301,35.839259237301,35.839259237301,35.839259237301
"6156",150.190117576416,150.190117576416,150.190117576416,150.190117576416
"6157",48.6864354893884,48.6864354893884,48.6864354893884,48.6864354893884
"6158",29.5992896258351,29.5992896258351,29.5992896258351,29.5992896258351
"6159",56.2758247143696,56.2758247143696,56.2758247143696,56.2758247143696
"6160",6.75251427339772,6.75251427339772,6.75251427339772,6.75251427339772
"6161",28.8094287812225,29.1364167235397,29.4669914878389,29.8011924189711
"6162",16.4952154289264,16.4952154289264,16.4952154289264,16.4952154289264
"6163",27.5245751272986,27.5245751272986,27.5245751272986,27.5245751272986
"6164",134.243810485532,134.243810485532,134.243810485532,134.243810485532
"6165",151.509857106542,151.509857106542,151.509857106542,151.509857106542
"6166",247.548787532544,247.548787532544,247.548787532544,247.548787532544
"6167",21.8689140456336,21.4956462508237,21.1284709554812,20.7672887174622
"6168",34.6935107999301,34.6831801515135,34.6739652086433,34.6657452330255
"6169",13.0415241754832,13.0415241754832,13.0415241754832,13.0415241754832
"6170",14.2303072896744,14.2303072896744,14.2303072896744,14.2303072896744
"6171",6.07885434917088,6.07885434917088,6.07885434917088,6.07885434917088
"6172",4.18623892794194,4.18623892794194,4.18623892794194,4.18623892794194
"6173",7.15481128939927,7.15481128939927,7.15481128939927,7.15481128939927
"6174",14.9258396052106,14.9258396052106,14.9258396052106,14.9258396052106
"6175",5.9972187288358,5.9972187288358,5.9972187288358,5.9972187288358
"6176",3.48102870754243,3.48102870754243,3.48102870754243,3.48102870754243
"6177",12.4217708874071,12.4217708874071,12.4217708874071,12.4217708874071
"6178",8.98175633280286,8.98175633280286,8.98175633280286,8.98175633280286
"6179",7.9202705276604,7.9202705276604,7.9202705276604,7.9202705276604
"6180",10.7412858414239,10.7412858414239,10.7412858414239,10.7412858414239
"6181",10.3534798118557,10.3534798118557,10.3534798118557,10.3534798118557
"6182",18.6190725715655,18.6190725715655,18.6190725715655,18.6190725715655
"6183",6.139189233399,6.139189233399,6.139189233399,6.139189233399
"6184",3.96943174863732,3.96943174863732,3.96943174863732,3.96943174863732
"6185",13.6444518940126,13.6444518940126,13.6444518940126,13.6444518940126
"6186",6.9824606393521,6.9824606393521,6.9824606393521,6.9824606393521
"6187",28.3285318377234,28.3285318377234,28.3285318377234,28.3285318377234
"6188",12.9345754679996,12.9345754679996,12.9345754679996,12.9345754679996
"6189",6.20851518274584,6.20851518274584,6.20851518274584,6.20851518274584
"6190",10.5085652168859,10.5085652168859,10.5085652168859,10.5085652168859
"6191",6.90597107870212,6.90597107870212,6.90597107870212,6.90597107870212
"6192",9.50713829648052,9.50713829648052,9.50713829648052,9.50713829648052
"6193",6.62811696397209,6.62811696397209,6.62811696397209,6.62811696397209
"6194",33.5943261962902,33.8957146235849,34.1997287700102,34.506391511033
"6195",7.55035009418677,7.55035009418677,7.55035009418677,7.55035009418677
"6196",9.17632038601028,9.17632038601028,9.17632038601028,9.17632038601028
"6197",13.5110607336399,13.5110607336399,13.5110607336399,13.5110607336399
"6198",8.41270086016044,8.41270086016044,8.41270086016044,8.41270086016044
"6199",8.75618045486302,8.75618045486302,8.75618045486302,8.75618045486302
"6200",3.87551991091051,3.82345706480926,3.77195016761063,3.72099328265911
"6201",14.5409869854327,14.8059485033569,15.0754274052831,15.34950070903
"6202",3.29864567092001,3.29864567092001,3.29864567092001,3.29864567092001
"6203",14.2948748359106,14.2948748359106,14.2948748359106,14.2948748359106
"6204",11.6597008351317,11.6597008351317,11.6597008351317,11.6597008351317
"6205",29.3799897811233,29.3799897811233,29.3799897811233,29.3799897811233
"6206",39.3739808710854,39.1426326927559,38.9126101696742,38.6839057056628
"6207",87.9775418280333,87.9775418280333,87.9775418280333,87.9775418280333
"6208",11.5686370209418,11.5686370209418,11.5686370209418,11.5686370209418
"6209",38.9815631658778,38.9815631658778,38.9815631658778,38.9815631658778
"6210",11.9281777981949,11.9281777981949,11.9281777981949,11.9281777981949
"6211",13.9953382151336,13.9953382151336,13.9953382151336,13.9953382151336
"6212",20.618659550975,20.6174539322603,20.6164894856554,20.6157179593182
"6213",16.81342100584,16.81342100584,16.81342100584,16.81342100584
"6214",17.740308965808,17.740308965808,17.740308965808,17.740308965808
"6215",9.7233474957279,9.7233474957279,9.7233474957279,9.7233474957279
"6216",4.84258871024953,4.73710147253531,4.63351879423345,4.5318062887524
"6217",4.53419797762264,4.53414977747698,4.53411081028043,4.5340793073736
"6218",5.66133045850802,5.66133045850802,5.66133045850802,5.66133045850802
"6219",18.0810839001413,18.4800250868858,18.887307208103,19.3031046533779
"6220",14.2448095722851,14.2448095722851,14.2448095722851,14.2448095722851
"6221",27.6588076345166,27.6588076345166,27.6588076345166,27.6588076345166
"6222",8.82054143256855,8.82054143256855,8.82054143256855,8.82054143256855
"6223",9.62569169787179,9.62569169787179,9.62569169787179,9.62569169787179
"6224",4.29061240260567,4.29061240260567,4.29061240260567,4.29061240260567
"6225",5.77090246814006,5.77090246814006,5.77090246814006,5.77090246814006
"6226",4.55396252984942,4.55396252984942,4.55396252984942,4.55396252984942
"6227",3.69406992837136,3.69406992837136,3.69406992837136,3.69406992837136
"6228",3.40740852225799,3.40740852225799,3.40740852225799,3.40740852225799
"6229",2.83377172498506,2.79055289256929,2.74782127421041,2.70557137745241
"6230",2.20921387895186,2.04000086003383,1.87970997807873,1.72787079335034
"6231",34.2932689892421,34.2932689892421,34.2932689892421,34.2932689892421
"6232",19.7209161084126,19.7209161084126,19.7209161084126,19.7209161084126
"6233",41.5786049289675,41.5786049289675,41.5786049289675,41.5786049289675
"6234",30.4381517265674,30.4381517265674,30.4381517265674,30.4381517265674
"6235",12.2443445837082,12.2443445837082,12.2443445837082,12.2443445837082
"6236",51.5822172791676,51.5822172791676,51.5822172791676,51.5822172791676
"6237",17.8190537579284,17.8190537579284,17.8190537579284,17.8190537579284
"6238",32.4206103047643,32.4206103047643,32.4206103047643,32.4206103047643
"6239",30.8595627272216,30.8595627272216,30.8595627272216,30.8595627272216
"6240",43.244393390886,43.560208004748,43.8782768900031,44.1986161375455
"6241",43.952590534145,44.5339750402918,45.1228787558983,45.7193989290171
"6242",18.047232213912,18.047232213912,18.047232213912,18.047232213912
"6243",42.0032214641386,42.0032214641386,42.0032214641386,42.0032214641386
"6244",24.6220843713648,24.6220843713648,24.6220843713648,24.6220843713648
"6245",20.7605864667925,20.7605864667925,20.7605864667925,20.7605864667925
"6246",11.0569090431826,11.2120499649544,11.3691871450974,11.5283462702418
"6247",39.5572165852051,39.5572165852051,39.5572165852051,39.5572165852051
"6248",11.8992066327768,11.8992066327768,11.8992066327768,11.8992066327768
"6249",30.3015780071993,30.3015780071993,30.3015780071993,30.3015780071993
"6250",40.8812206112145,40.8812206112145,40.8812206112145,40.8812206112145
"6251",45.0028297459265,45.0028297459265,45.0028297459265,45.0028297459265
"6252",17.4221225394054,17.4221225394054,17.4221225394054,17.4221225394054
"6253",38.2292334668423,38.2292334668423,38.2292334668423,38.2292334668423
"6254",40.9256576625124,40.9256576625124,40.9256576625124,40.9256576625124
"6255",41.2445319277385,41.2445319277385,41.2445319277385,41.2445319277385
"6256",7.26116204129258,7.26083535976571,7.26057402384373,7.26036496105735
"6257",4.23757803437091,4.23757803437091,4.23757803437091,4.23757803437091
"6258",6.16043871269741,6.16043871269741,6.16043871269741,6.16043871269741
"6259",173.13330506968,173.13330506968,173.13330506968,173.13330506968
"6260",606.965655856795,604.864425319747,602.770456985304,600.683725754085
"6261",293.052543153885,293.052543153885,293.052543153885,293.052543153885
"6262",459.010324363818,458.446161720554,457.90596125864,457.388679522364
"6263",163.325432451079,161.570346902772,159.834006628621,158.116211418837
"6264",255.505194079547,255.505194079547,255.505194079547,255.505194079547
"6265",140.02677013904,140.02677013904,140.02677013904,140.02677013904
"6266",50.9375385063017,50.429173521702,49.9257844170728,49.4273224884666
"6267",127.410881209545,132.135328091025,137.033595120189,142.11207742529
"6268",47.2918767302784,47.2918767302784,47.2918767302784,47.2918767302784
"6269",41.4942137655685,41.4942137655685,41.4942137655685,41.4942137655685
"6270",2.94397204412351,2.94397204412351,2.94397204412351,2.94397204412351
"6271",6.62968543907125,6.62968543907125,6.62968543907125,6.62968543907125
"6272",41.7638516447086,41.7638516447086,41.7638516447086,41.7638516447086
"6273",28.3986121311572,28.8664465187389,29.3417257820593,29.8245683950403
"6274",12.2499318941673,12.2499318941673,12.2499318941673,12.2499318941673
"6275",5.45178949824173,5.45178949824173,5.45178949824173,5.45178949824173
"6276",11.3210184814183,11.3210184814183,11.3210184814183,11.3210184814183
"6277",21.5527734839993,21.5527734839993,21.5527734839993,21.5527734839993
"6278",12.1058541357961,12.1058541357961,12.1058541357961,12.1058541357961
"6279",10.9625654346834,10.9625654346834,10.9625654346834,10.9625654346834
"6280",10.9358470418239,10.9358470418239,10.9358470418239,10.9358470418239
"6281",5.81833098848691,5.81833098848691,5.81833098848691,5.81833098848691
"6282",25.0691797604057,25.0691797604057,25.0691797604057,25.0691797604057
"6283",15.8609875696011,15.8609875696011,15.8609875696011,15.8609875696011
"6284",21.6676607547434,21.6676607547434,21.6676607547434,21.6676607547434
"6285",13.6842856897607,13.6842856897607,13.6842856897607,13.6842856897607
"6286",12.8259145417651,12.8259145417651,12.8259145417651,12.8259145417651
"6287",14.9742099873231,15.3993266179658,15.8357567439108,16.2838014476534
"6288",20.2054883730296,20.2054883730296,20.2054883730296,20.2054883730296
"6289",8.1337088424631,8.13860299212584,8.14298956277376,8.14692098817194
"6290",7.7876738355723,7.7876738355723,7.7876738355723,7.7876738355723
"6291",10.8011146525549,10.8011146525549,10.8011146525549,10.8011146525549
"6292",9.37186471489097,9.37186471489097,9.37186471489097,9.37186471489097
"6293",11.6176501263341,11.6176501263341,11.6176501263341,11.6176501263341
"6294",12.1990056555329,12.1990056555329,12.1990056555329,12.1990056555329
"6295",14.979216305205,14.979216305205,14.979216305205,14.979216305205
"6296",9.86520992516136,9.86520992516136,9.86520992516136,9.86520992516136
"6297",14.2316293735252,14.2316293735252,14.2316293735252,14.2316293735252
"6298",9.80389065788873,9.80389065788873,9.80389065788873,9.80389065788873
"6299",4.49946387089876,4.49946387089876,4.49946387089876,4.49946387089876
"6300",7.25391941754276,7.25391941754276,7.25391941754276,7.25391941754276
"6301",10.5905831591298,10.5905831591298,10.5905831591298,10.5905831591298
"6302",23.2743559386127,23.2743559386127,23.2743559386127,23.2743559386127
"6303",13.553523170557,13.553523170557,13.553523170557,13.553523170557
"6304",20.1570293375714,20.1570293375714,20.1570293375714,20.1570293375714
"6305",13.0062695910316,13.0062695910316,13.0062695910316,13.0062695910316
"6306",22.6570016014392,22.6570016014392,22.6570016014392,22.6570016014392
"6307",15.5133423743638,15.5133423743638,15.5133423743638,15.5133423743638
"6308",12.3770931388556,12.3770931388556,12.3770931388556,12.3770931388556
"6309",10.1611585276988,10.1611585276988,10.1611585276988,10.1611585276988
"6310",23.126934644662,23.126934644662,23.126934644662,23.126934644662
"6311",25.1442099852188,25.9826038814112,26.8478834370123,27.7409108227573
"6312",4.09716608089109,4.09716608089109,4.09716608089109,4.09716608089109
"6313",9.65190888171525,9.65190888171525,9.65190888171525,9.65190888171525
"6314",10.5528366532486,10.5528366532486,10.5528366532486,10.5528366532486
"6315",10.8558673082557,11.0020224350371,11.1499793128443,11.2997601530553
"6316",19.8428022462166,19.8428022462166,19.8428022462166,19.8428022462166
"6317",8.58759285612971,8.58759285612971,8.58759285612971,8.58759285612971
"6318",12.5700922232568,12.5700922232568,12.5700922232568,12.5700922232568
"6319",22.2895667940016,22.2895667940016,22.2895667940016,22.2895667940016
"6320",26.0031111007614,26.3061896063887,26.6126698156283,26.9225899086455
"6321",20.0175842115946,20.0175842115946,20.0175842115946,20.0175842115946
"6322",26.4045382857412,26.4045382857412,26.4045382857412,26.4045382857412
"6323",53.2850061112874,53.2850061112874,53.2850061112874,53.2850061112874
"6324",56.6310018280143,56.6310018280143,56.6310018280143,56.6310018280143
"6325",77.2085797458456,78.6208210624898,80.0585637441111,81.5222682783102
"6326",40.0007311381342,40.0007311381342,40.0007311381342,40.0007311381342
"6327",35.1742639309362,35.9729609909438,36.7892926044806,37.6236481275284
"6328",34.3453387432635,34.3453387432635,34.3453387432635,34.3453387432635
"6329",179.826113536391,183.139775955617,186.514161676439,189.95038346138
"6330",54.8967699364662,54.8967699364662,54.8967699364662,54.8967699364662
"6331",117.526371031409,119.733880238297,121.982503476232,124.273006478622
"6332",59.3527933369723,59.3527933369723,59.3527933369723,59.3527933369723
"6333",50.4196752644696,50.4196752644696,50.4196752644696,50.4196752644696
"6334",133.677365528008,136.99945448171,140.403489462297,143.891491833861
"6335",43.5594424623492,44.8552362107785,46.1887117915128,47.5609649966003
"6336",34.2327359186709,34.2327359186709,34.2327359186709,34.2327359186709
"6337",55.6536996376139,55.6536996376139,55.6536996376139,55.6536996376139
"6338",33.2913353548103,33.2913353548103,33.2913353548103,33.2913353548103
"6339",63.0140686843896,64.082265758993,65.1682877432394,66.2724320798121
"6340",69.831421632157,69.831421632157,69.831421632157,69.831421632157
"6341",51.334917442555,51.334917442555,51.334917442555,51.334917442555
"6342",78.6005544041075,80.4067439154503,82.2539170678657,84.1430038074226
"6343",54.8929258755393,54.8929258755393,54.8929258755393,54.8929258755393
"6344",32.9351254763017,32.9351254763017,32.9351254763017,32.9351254763017
"6345",86.8008131662653,87.4784710985127,88.1343506161327,88.7689631329648
"6346",38.8168847441266,38.8168847441266,38.8168847441266,38.8168847441266
"6347",56.0021430342064,56.0021430342064,56.0021430342064,56.0021430342064
"6348",47.1061668016249,47.1061668016249,47.1061668016249,47.1061668016249
"6349",36.1148239400828,36.1148239400828,36.1148239400828,36.1148239400828
"6350",38.1409086104643,38.1409086104643,38.1409086104643,38.1409086104643
"6351",7.90336816713916,7.90343000525479,7.9034816505835,7.90352478315874
"6352",93.7165071933758,93.7165071933758,93.7165071933758,93.7165071933758
"6353",47.0765116436382,47.0765116436382,47.0765116436382,47.0765116436382
"6354",83.7152842930689,86.8861122925842,90.1756219477937,93.5882554218802
"6355",114.362864407593,117.077842545691,119.856715649714,122.700987439568
"6356",49.8974764831111,49.8974764831111,49.8974764831111,49.8974764831111
"6357",233.335368072108,233.335368072108,233.335368072108,233.335368072108
"6358",86.0234199704702,86.0234199704702,86.0234199704702,86.0234199704702
"6359",82.0042271038551,82.0042271038551,82.0042271038551,82.0042271038551
"6360",86.6301628292471,86.6301628292471,86.6301628292471,86.6301628292471
"6361",90.582675277593,90.582675277593,90.582675277593,90.582675277593
"6362",121.384374153539,124.330149343448,127.346828940307,130.43611960352
"6363",100.940530741898,104.490412035803,108.163911061626,111.965332567155
"6364",43.245393429685,43.245393429685,43.245393429685,43.245393429685
"6365",78.6098122086551,80.4195379526761,82.2704031891503,84.163343119362
"6366",34.1998632388497,34.1998632388497,34.1998632388497,34.1998632388497
"6367",5.31271440274913,5.31271440274913,5.31271440274913,5.31271440274913
"6368",18.3472596452802,18.3472596452802,18.3472596452802,18.3472596452802
"6369",21.6146770206402,21.6146770206402,21.6146770206402,21.6146770206402
"6370",29.4074153474867,29.4074153474867,29.4074153474867,29.4074153474867
"6371",21.156178261778,21.156178261778,21.156178261778,21.156178261778
"6372",43.3481840172961,43.3481840172961,43.3481840172961,43.3481840172961
"6373",22.0184356646024,22.0184356646024,22.0184356646024,22.0184356646024
"6374",27.6613337702644,28.3810714850405,29.1188831102014,29.875222514191
"6375",30.0315465839188,32.2666122718354,34.662659901654,37.2312842939469
"6376",46.4378270268689,46.4378270268689,46.4378270268689,46.4378270268689
"6377",8.6556279611097,8.6556279611097,8.6556279611097,8.6556279611097
"6378",5.73326361671476,5.73326361671476,5.73326361671476,5.73326361671476
"6379",9.91462335289392,9.91462335289392,9.91462335289392,9.91462335289392
"6380",20.9980293648522,20.9980293648522,20.9980293648522,20.9980293648522
"6381",17.2565494978203,17.2565494978203,17.2565494978203,17.2565494978203
"6382",6.52549648610144,6.52549648610144,6.52549648610144,6.52549648610144
"6383",7.51686154588078,7.51686154588078,7.51686154588078,7.51686154588078
"6384",48.5717686450991,48.5717686450991,48.5717686450991,48.5717686450991
"6385",32.2886466720328,32.2886466720328,32.2886466720328,32.2886466720328
"6386",18.8213622176599,19.1574466616512,19.4992296420121,19.8468077812354
"6387",13.2674063485511,13.274055246043,13.2800325224007,13.2854057786842
"6388",48.0155844736738,48.0155844736738,48.0155844736738,48.0155844736738
"6389",27.255333028424,27.255333028424,27.255333028424,27.255333028424
"6390",25.409323140387,25.409323140387,25.409323140387,25.409323140387
"6391",16.1033823305349,16.1033823305349,16.1033823305349,16.1033823305349
"6392",12.6199744183788,12.6199744183788,12.6199744183788,12.6199744183788
"6393",8.77772455481117,8.77772455481117,8.77772455481117,8.77772455481117
"6394",40.5052997583598,40.5052997583598,40.5052997583598,40.5052997583598
"6395",17.370906759964,17.8918181718461,18.4275001501773,18.9783715178673
"6396",4.76355185524699,4.76355185524699,4.76355185524699,4.76355185524699
"6397",14.5529429086637,14.5529429086637,14.5529429086637,14.5529429086637
"6398",12.1356897078656,12.1356897078656,12.1356897078656,12.1356897078656
"6399",5.15595740628108,5.15595740628108,5.15595740628108,5.15595740628108
"6400",6.12906136395716,6.12906136395716,6.12906136395716,6.12906136395716
"6401",4.99060900620412,4.99060900620412,4.99060900620412,4.99060900620412
"6402",6.45408122328958,6.45408122328958,6.45408122328958,6.45408122328958
"6403",30.4193699872824,30.4193699872824,30.4193699872824,30.4193699872824
"6404",11.9984402961923,11.9984402961923,11.9984402961923,11.9984402961923
"6405",12.8081916936243,12.8081916936243,12.8081916936243,12.8081916936243
"6406",18.7528149420052,18.7528149420052,18.7528149420052,18.7528149420052
"6407",36.6214368775423,36.6453359764265,36.6668433744774,36.6861972465396
"6408",13.1243915667851,13.1432085162793,13.1603706408548,13.1760216973208
"6409",6.25991500133023,6.25991500133023,6.25991500133023,6.25991500133023
"6410",35.9916376667391,36.6932904704717,37.4082521377215,38.1367751093641
"6411",27.354897067159,27.354897067159,27.354897067159,27.354897067159
"6412",5.5426328539194,5.5426328539194,5.5426328539194,5.5426328539194
"6413",6.64358053131104,6.64358053131104,6.64358053131104,6.64358053131104
"6414",30.3412185876764,30.4815554464259,30.6154993283915,30.74331378319
"6415",7.57878823510603,7.57878823510603,7.57878823510603,7.57878823510603
"6416",53.8170271793692,53.8170271793692,53.8170271793692,53.8170271793692
"6417",51.2629537046191,51.2629537046191,51.2629537046191,51.2629537046191
"6418",43.9721089437463,43.9721089437463,43.9721089437463,43.9721089437463
"6419",85.5217354601103,86.8292221343351,88.1564670969737,89.5037689284771
"6420",51.6484225316912,51.6484225316912,51.6484225316912,51.6484225316912
"6421",63.244548783206,63.244548783206,63.244548783206,63.244548783206
"6422",73.2113816731166,75.5025792067252,77.8645150289852,80.2993731093745
"6423",63.8658583830246,63.9512568631579,64.0297011832661,64.1017501278826
"6424",52.3345808447453,53.8612068163482,55.4315302694023,57.0468019817149
"6425",8.06501802697221,8.06501802697221,8.06501802697221,8.06501802697221
"6426",16.1163590588722,16.1163590588722,16.1163590588722,16.1163590588722
"6427",13.0371848036213,13.0371848036213,13.0371848036213,13.0371848036213
"6428",34.9683141260011,34.9683141260011,34.9683141260011,34.9683141260011
"6429",19.3209227127271,19.3209227127271,19.3209227127271,19.3209227127271
"6430",16.2606798529102,16.3939342285006,16.5282173427482,16.6635371376303
"6431",16.1522543289235,16.1522543289235,16.1522543289235,16.1522543289235
"6432",19.4445173080811,19.4445173080811,19.4445173080811,19.4445173080811
"6433",28.1524492577436,28.4271843039435,28.704508475501,28.9844461725436
"6434",16.3437561824204,16.3437561824204,16.3437561824204,16.3437561824204
"6435",4.33964033825679,4.33964033825679,4.33964033825679,4.33964033825679
"6436",11.2582230954291,11.2582230954291,11.2582230954291,11.2582230954291
"6437",9.92272568420247,10.1160427046232,10.3127811668584,10.5130016256594
"6438",115.807364755658,115.807364755658,115.807364755658,115.807364755658
"6439",20.8242971327212,20.8242971327212,20.8242971327212,20.8242971327212
"6440",143.70625797147,146.010241205541,148.350907986109,150.728842381048
"6441",83.4115182036111,83.4115182036111,83.4115182036111,83.4115182036111
"6442",17.9458749805873,17.9458749805873,17.9458749805873,17.9458749805873
"6443",121.571198422372,123.573148927682,125.607797210915,127.675677323576
"6444",115.388589037339,115.786484815198,116.164212168393,116.522729286589
"6445",76.5757773385181,76.5757773385181,76.5757773385181,76.5757773385181
"6446",45.6244101866265,45.6244101866265,45.6244101866265,45.6244101866265
"6447",61.0285141440966,61.0285141440966,61.0285141440966,61.0285141440966
"6448",70.0990180193942,70.0990180193942,70.0990180193942,70.0990180193942
"6449",31.8061267391667,32.279180407086,32.7424746382695,33.1959917651983
"6450",139.025509093045,141.724805008744,144.476135717873,147.280504304128
"6451",36.7650787732184,36.7650787732184,36.7650787732184,36.7650787732184
"6452",18.0925856362202,18.0925856362202,18.0925856362202,18.0925856362202
"6453",20.8125003918713,20.8125003918713,20.8125003918713,20.8125003918713
"6454",76.4818862595883,76.4867874125265,76.4909809277353,76.4945689448759
"6455",54.7773308762037,54.7773308762037,54.7773308762037,54.7773308762037
"6456",33.6602288255748,33.6602288255748,33.6602288255748,33.6602288255748
"6457",25.195951746368,25.195951746368,25.195951746368,25.195951746368
"6458",59.3955718688264,59.3955718688264,59.3955718688264,59.3955718688264
"6459",9.99540071665301,9.99540071665301,9.99540071665301,9.99540071665301
"6460",142.598435553628,142.598435553628,142.598435553628,142.598435553628
"6461",30.1472302523073,30.2498537550615,30.3447857942527,30.432581218595
"6462",109.790755245987,109.790755245987,109.790755245987,109.790755245987
"6463",89.6154768476348,91.0085784417939,92.4230972609037,93.8593625684768
"6464",86.7733746221258,86.7733746221258,86.7733746221258,86.7733746221258
"6465",57.4602826966968,57.4602826966968,57.4602826966968,57.4602826966968
"6466",14.2009720338611,14.2354237937735,14.2679909602336,14.2987727804694
"6467",56.7415247602079,56.7420078384101,56.7424029418387,56.7427260913875
"6468",124.794040575469,126.353416464436,127.932122785529,129.530399163848
"6469",11.6289323561134,11.6289323561134,11.6289323561134,11.6289323561134
"6470",14.6035713976308,14.6035713976308,14.6035713976308,14.6035713976308
"6471",10.7699384693434,10.7699384693434,10.7699384693434,10.7699384693434
"6472",13.6612545829777,13.6612545829777,13.6612545829777,13.6612545829777
"6473",179.119205588525,179.119205588525,179.119205588525,179.119205588525
"6474",255.639978802133,255.639978802133,255.639978802133,255.639978802133
"6475",540.212420121961,540.212420121961,540.212420121961,540.212420121961
"6476",437.074479046255,437.074479046255,437.074479046255,437.074479046255
"6477",202.515251836179,202.515251836179,202.515251836179,202.515251836179
"6478",126.926666093026,128.464154613159,130.020121461711,131.594788720744
"6479",108.698481448699,108.698481448699,108.698481448699,108.698481448699
"6480",30.752564259462,31.1998144415641,31.6533643581933,32.1133027441489
"6481",169.10055760335,170.972199223516,172.86443479354,174.777490911703
"6482",249.287920047446,249.287920047446,249.287920047446,249.287920047446
"6483",561.459330047111,561.459330047111,561.459330047111,561.459330047111
"6484",310.414202772045,310.414202772045,310.414202772045,310.414202772045
"6485",100.15000400219,100.15000400219,100.15000400219,100.15000400219
"6486",166.636784013396,166.636784013396,166.636784013396,166.636784013396
"6487",95.2464980978644,95.2464980978644,95.2464980978644,95.2464980978644
"6488",21.3795583735016,21.3795583735016,21.3795583735016,21.3795583735016
"6489",17.2839166739779,17.6255447307254,17.9735559782978,18.3280696841976
"6490",28.8023682228264,28.8023682228264,28.8023682228264,28.8023682228264
"6491",10.9514077517054,10.9514077517054,10.9514077517054,10.9514077517054
"6492",12.5383845186177,12.5383845186177,12.5383845186177,12.5383845186177
"6493",7.48458336732294,7.48458336732294,7.48458336732294,7.48458336732294
"6494",4.89273739469257,4.89273739469257,4.89273739469257,4.89273739469257
"6495",6.57006926122733,6.57006926122733,6.57006926122733,6.57006926122733
"6496",14.5071809878096,14.5071809878096,14.5071809878096,14.5071809878096
"6497",13.3620345858711,13.3620345858711,13.3620345858711,13.3620345858711
"6498",24.1020003011318,24.1020003011318,24.1020003011318,24.1020003011318
"6499",19.7819944687497,19.7819944687497,19.7819944687497,19.7819944687497
"6500",5.52113586852246,5.52113586852246,5.52113586852246,5.52113586852246
"6501",19.7678270796663,19.7678270796663,19.7678270796663,19.7678270796663
"6502",8.04531832599774,8.04531832599774,8.04531832599774,8.04531832599774
"6503",7.92713123157995,7.92713123157995,7.92713123157995,7.92713123157995
"6504",11.8018067429249,11.8018067429249,11.8018067429249,11.8018067429249
"6505",4.19256061827811,4.19256061827811,4.19256061827811,4.19256061827811
"6506",3.4438200036311,3.4438200036311,3.4438200036311,3.4438200036311
"6507",4.81506967263491,4.81506967263491,4.81506967263491,4.81506967263491
"6508",10.5842146828587,10.5842146828587,10.5842146828587,10.5842146828587
"6509",4.32685038175835,4.32685038175835,4.32685038175835,4.32685038175835
"6510",5.08855346248058,5.08855346248058,5.08855346248058,5.08855346248058
"6511",15.7221976793942,15.7221976793942,15.7221976793942,15.7221976793942
"6512",27.8739579851005,27.2717573099128,26.6821162447856,26.1047728441394
"6513",10.2448074771095,10.2448074771095,10.2448074771095,10.2448074771095
"6514",5.25043820000871,5.25043820000871,5.25043820000871,5.25043820000871
"6515",6.88646811087698,6.88646811087698,6.88646811087698,6.88646811087698
"6516",4.99625066770184,4.99625066770184,4.99625066770184,4.99625066770184
"6517",5.39467864885616,5.39467864885616,5.39467864885616,5.39467864885616
"6518",5.83750182700135,5.83750182700135,5.83750182700135,5.83750182700135
"6519",91.7681118870753,91.7681118870753,91.7681118870753,91.7681118870753
"6520",6.8424848712183,6.8424848712183,6.8424848712183,6.8424848712183
"6521",12.408693884028,12.548492629637,12.689748913873,12.8324779330015
"6522",12.3056876125287,12.3056876125287,12.3056876125287,12.3056876125287
"6523",13.3800266034647,13.3800266034647,13.3800266034647,13.3800266034647
"6524",109.476245977434,109.476245977434,109.476245977434,109.476245977434
"6525",53.1900429792306,53.1900429792306,53.1900429792306,53.1900429792306
"6526",59.4385647831614,59.4385647831614,59.4385647831614,59.4385647831614
"6527",110.579188857245,110.579188857245,110.579188857245,110.579188857245
"6528",100.732634206509,100.732634206509,100.732634206509,100.732634206509
"6529",55.6305702346725,55.6305702346725,55.6305702346725,55.6305702346725
"6530",7.51393507646246,7.51393507646246,7.51393507646246,7.51393507646246
"6531",20.3665496469685,20.3665496469685,20.3665496469685,20.3665496469685
"6532",7.7404854772551,7.7404854772551,7.7404854772551,7.7404854772551
"6533",10.6055756884382,10.6055756884382,10.6055756884382,10.6055756884382
"6534",6.35671580078557,6.35671580078557,6.35671580078557,6.35671580078557
"6535",7.42506294820072,7.42506294820072,7.42506294820072,7.42506294820072
"6536",22.2507612661729,22.2507612661729,22.2507612661729,22.2507612661729
"6537",3.23214220860103,3.18547154288488,3.13931554584738,3.09366854189243
"6538",26.5140344118543,26.5140344118543,26.5140344118543,26.5140344118543
"6539",8.08969103666707,8.08969103666707,8.08969103666707,8.08969103666707
"6540",3.990309072357,3.990309072357,3.990309072357,3.990309072357
"6541",6.49150885346867,6.49292210049538,6.49415555653836,6.49523207009617
"6542",9.28789842284542,9.28789842284542,9.28789842284542,9.28789842284542
"6543",25.0823265879805,25.0823265879805,25.0823265879805,25.0823265879805
"6544",23.3422269661173,23.3422269661173,23.3422269661173,23.3422269661173
"6545",11.5442539648393,11.5442539648393,11.5442539648393,11.5442539648393
"6546",17.2321748958029,17.2321748958029,17.2321748958029,17.2321748958029
"6547",17.8033049835817,17.8033049835817,17.8033049835817,17.8033049835817
"6548",7.86752358618445,7.26747461532102,6.70802985192711,6.18644168415054
"6549",4.80648212721418,4.80648212721418,4.80648212721418,4.80648212721418
"6550",31.0977501768011,31.0977501768011,31.0977501768011,31.0977501768011
"6551",16.8878868810767,16.8878868810767,16.8878868810767,16.8878868810767
"6552",17.020504800435,17.020504800435,17.020504800435,17.020504800435
"6553",4.13417870252342,4.13417870252342,4.13417870252342,4.13417870252342
"6554",119.558971962263,119.558971962263,119.558971962263,119.558971962263
"6555",40.6308240053494,40.6308240053494,40.6308240053494,40.6308240053494
"6556",132.923026855371,132.923026855371,132.923026855371,132.923026855371
"6557",33.9218245452158,33.9218245452158,33.9218245452158,33.9218245452158
"6558",30.712397120059,30.712397120059,30.712397120059,30.712397120059
"6559",40.3573334726285,40.3573334726285,40.3573334726285,40.3573334726285
"6560",5.62582878250086,5.62582878250086,5.62582878250086,5.62582878250086
"6561",44.3743114995355,44.3743114995355,44.3743114995355,44.3743114995355
"6562",27.9116849000432,27.9116849000432,27.9116849000432,27.9116849000432
"6563",28.3643862654648,28.3643862654648,28.3643862654648,28.3643862654648
"6564",14.4037654438199,14.4037654438199,14.4037654438199,14.4037654438199
"6565",11.9915516641011,11.9915516641011,11.9915516641011,11.9915516641011
"6566",27.2863932409636,27.2863932409636,27.2863932409636,27.2863932409636
"6567",36.6652054845722,36.6652054845722,36.6652054845722,36.6652054845722
"6568",25.9742607560029,25.9742607560029,25.9742607560029,25.9742607560029
"6569",19.3864030155867,19.3864030155867,19.3864030155867,19.3864030155867
"6570",7.33695242400341,7.33695242400341,7.33695242400341,7.33695242400341
"6571",21.5149354901626,21.5149354901626,21.5149354901626,21.5149354901626
"6572",12.0528837433984,12.0528837433984,12.0528837433984,12.0528837433984
"6573",9.43960172425316,9.43960172425316,9.43960172425316,9.43960172425316
"6574",160.745506819904,160.745506819904,160.745506819904,160.745506819904
"6575",93.6651592127312,93.6651592127312,93.6651592127312,93.6651592127312
"6576",76.4056397581913,76.4056397581913,76.4056397581913,76.4056397581913
"6577",161.426130777334,161.426130777334,161.426130777334,161.426130777334
"6578",55.2289916675699,55.2289916675699,55.2289916675699,55.2289916675699
"6579",169.404626437898,169.404626437898,169.404626437898,169.404626437898
"6580",303.761980571009,303.761980571009,303.761980571009,303.761980571009
"6581",191.612628180321,191.612628180321,191.612628180321,191.612628180321
"6582",6.05773741732952,6.05773741732952,6.05773741732952,6.05773741732952
"6583",8.31898681610367,8.31898681610367,8.31898681610367,8.31898681610367
"6584",2.84758185457376,2.73728355164675,2.63014716082152,2.52608203983185
"6585",9.19188430101352,9.19188430101352,9.19188430101352,9.19188430101352
"6586",6.75966098333451,6.75966098333451,6.75966098333451,6.75966098333451
"6587",7.14903779071476,7.14903779071476,7.14903779071476,7.14903779071476
"6588",30.1548922422141,30.1548922422141,30.1548922422141,30.1548922422141
"6589",31.7763410171256,31.7763410171256,31.7763410171256,31.7763410171256
"6590",15.1714042328051,15.1714042328051,15.1714042328051,15.1714042328051
"6591",14.2131805392523,14.2131805392523,14.2131805392523,14.2131805392523
"6592",12.4812495704314,12.4812495704314,12.4812495704314,12.4812495704314
"6593",9.03928863693444,9.03928863693444,9.03928863693444,9.03928863693444
"6594",4.45130243102576,4.45130243102576,4.45130243102576,4.45130243102576
"6595",8.22611989933073,8.22611989933073,8.22611989933073,8.22611989933073
"6596",16.612561918153,16.612561918153,16.612561918153,16.612561918153
"6597",9.11434643951959,9.15251887992297,9.18913788659281,9.22426095485186
"6598",10.7903588556446,10.7903588556446,10.7903588556446,10.7903588556446
"6599",18.4794663572462,18.4794663572462,18.4794663572462,18.4794663572462
"6600",7.61786433263997,7.61786433263997,7.61786433263997,7.61786433263997
"6601",5.2745763150021,5.2745763150021,5.2745763150021,5.2745763150021
"6602",14.0689545727481,14.0689545727481,14.0689545727481,14.0689545727481
"6603",15.7285244656395,15.7285244656395,15.7285244656395,15.7285244656395
"6604",27.3590698849681,27.3590698849681,27.3590698849681,27.3590698849681
"6605",13.2227525755396,13.2227525755396,13.2227525755396,13.2227525755396
"6606",8.31462652260542,8.31462652260542,8.31462652260542,8.31462652260542
"6607",19.5868755722491,19.5868755722491,19.5868755722491,19.5868755722491
"6608",23.7386693690217,23.7437211133011,23.7481003995329,23.7518966448937
"6609",11.6222174477694,11.2116499314053,10.8494100991378,10.5289051621004
"6610",23.0535060358995,23.0368954381428,23.0225123837405,23.0100570784915
"6611",27.3705275361165,27.3878079205617,27.4033777036187,27.4174054115975
"6612",12.0419371138347,11.709270790296,11.3850899303698,11.0691780916704
"6613",6.79444252120771,6.64819456319574,6.52122929317373,6.41077544285307
"6614",18.1640357187984,17.6932076430319,17.2804430841528,16.9177057282512
"6615",26.9613845584084,26.9618914766061,26.9623233179906,26.962691200853
"6616",3.23601652588444,3.18777112365667,3.14007520437401,3.09292250979227
"6617",8.70715187272957,8.70715187272957,8.70715187272957,8.70715187272957
"6618",5.85898796555502,5.85898796555502,5.85898796555502,5.85898796555502
"6619",8.20176607733008,8.14118968583547,8.0810120763981,8.02123062378517
"6620",5.48185239589013,5.48185239589013,5.48185239589013,5.48185239589013
"6621",3.59899985182651,3.59899985182651,3.59899985182651,3.59899985182651
"6622",5.05841903575764,5.05841903575764,5.05841903575764,5.05841903575764
"6623",6.40397224928629,6.40397224928629,6.40397224928629,6.40397224928629
"6624",4.58600298598386,4.58600298598386,4.58600298598386,4.58600298598386
"6625",7.58690151810047,7.58690151810047,7.58690151810047,7.58690151810047
"6626",8.07053106263852,8.07053106263852,8.07053106263852,8.07053106263852
"6627",17.8279679511735,17.8279679511735,17.8279679511735,17.8279679511735
"6628",15.9701839342906,15.9701839342906,15.9701839342906,15.9701839342906
"6629",7.83460544659745,7.83460544659745,7.83460544659745,7.83460544659745
"6630",95.5208100925745,95.5208100925745,95.5208100925745,95.5208100925745
"6631",16.5854625700533,16.5854625700533,16.5854625700533,16.5854625700533
"6632",3.75312623916497,3.75312623916497,3.75312623916497,3.75312623916497
"6633",13.0235432380727,13.0235432380727,13.0235432380727,13.0235432380727
"6634",5.06778066714981,5.06778066714981,5.06778066714981,5.06778066714981
"6635",12.9723349413435,12.9723349413435,12.9723349413435,12.9723349413435
"6636",18.594942036215,18.594942036215,18.594942036215,18.594942036215
"6637",9.56094872195956,9.56094872195956,9.56094872195956,9.56094872195956
"6638",13.9957004107353,13.9959995776577,13.9962419713461,13.9964383650463
"6639",16.3853784637497,16.6426886362615,16.9038070965833,17.1687902088143
"6640",14.5987763975163,14.84476071207,15.0946240669706,15.3484276325979
"6641",6.29309005852482,6.29309005852482,6.29309005852482,6.29309005852482
"6642",15.485108021961,15.485108021961,15.485108021961,15.485108021961
"6643",4.16561199587174,4.16561199587174,4.16561199587174,4.16561199587174
"6644",2.99424486134397,2.86751168516389,2.74479961898138,2.62598107721783
"6645",3.11788878325308,3.11788878325308,3.11788878325308,3.11788878325308
"6646",3.18562448363296,3.18562448363296,3.18562448363296,3.18562448363296
"6647",2.71202966668228,2.71202966668228,2.71202966668228,2.71202966668228
"6648",6.62641056981811,6.62641056981811,6.62641056981811,6.62641056981811
"6649",8.81601383536901,8.81601383536901,8.81601383536901,8.81601383536901
"6650",6.96718218372469,6.96718218372469,6.96718218372469,6.96718218372469
"6651",5.07703243554327,5.07703243554327,5.07703243554327,5.07703243554327
"6652",8.89696256270269,8.89696256270269,8.89696256270269,8.89696256270269
"6653",9.97350237447967,9.97350237447967,9.97350237447967,9.97350237447967
"6654",6.45639092990972,6.45655862699875,6.45669502436245,6.45680596349753
"6655",11.152677970738,11.152677970738,11.152677970738,11.152677970738
"6656",7.41930689732827,7.29393370990655,7.1704274738047,7.04876038796489
"6657",5.65146726839846,5.65146726839846,5.65146726839846,5.65146726839846
"6658",5.28274252028328,5.28274252028328,5.28274252028328,5.28274252028328
"6659",10.4169932426589,10.4169932426589,10.4169932426589,10.4169932426589
"6660",27.9363666383045,27.9363666383045,27.9363666383045,27.9363666383045
"6661",4.28256381832464,4.28256381832464,4.28256381832464,4.28256381832464
"6662",3.55720844480842,3.55720844480842,3.55720844480842,3.55720844480842
"6663",15.6004889127022,15.6004889127022,15.6004889127022,15.6004889127022
"6664",11.7615042521024,11.7615042521024,11.7615042521024,11.7615042521024
"6665",11.2138802985478,11.2138802985478,11.2138802985478,11.2138802985478
"6666",9.37261020029915,9.37261020029915,9.37261020029915,9.37261020029915
"6667",36.9993610585054,36.9993610585054,36.9993610585054,36.9993610585054
"6668",21.4318235670698,21.4318235670698,21.4318235670698,21.4318235670698
"6669",25.5861592614965,25.5861592614965,25.5861592614965,25.5861592614965
"6670",39.24583284218,39.899336181831,40.5634509707868,41.2383495155216
"6671",34.4794571412169,34.4794571412169,34.4794571412169,34.4794571412169
"6672",26.1842384636688,26.1842384636688,26.1842384636688,26.1842384636688
"6673",17.0486700641704,17.0486700641704,17.0486700641704,17.0486700641704
"6674",3.92914521055166,3.92914521055166,3.92914521055166,3.92914521055166
"6675",16.2377416703608,16.2377416703608,16.2377416703608,16.2377416703608
"6676",17.1168126104239,17.1168126104239,17.1168126104239,17.1168126104239
"6677",25.9333626384516,25.9333626384516,25.9333626384516,25.9333626384516
"6678",17.7861813658728,17.7861813658728,17.7861813658728,17.7861813658728
"6679",15.6800794636512,15.6814010335219,15.6825220172549,15.6834728489805
"6680",14.7624932231736,14.7624932231736,14.7624932231736,14.7624932231736
"6681",5.04820185226375,5.04820185226375,5.04820185226375,5.04820185226375
"6682",5.58048904817014,5.58048904817014,5.58048904817014,5.58048904817014
"6683",6.31350628071962,6.37858388258638,6.44424056295559,6.51048147462795
"6684",6.79992947838734,6.96068156754403,7.12474666539392,7.29219305115291
"6685",8.4507613756765,8.4507613756765,8.4507613756765,8.4507613756765
"6686",12.5683202075286,12.5683202075286,12.5683202075286,12.5683202075286
"6687",7.02105868906974,7.02105868906974,7.02105868906974,7.02105868906974
"6688",7.67446208155969,7.67446208155969,7.67446208155969,7.67446208155969
"6689",3.73133309383535,3.73133309383535,3.73133309383535,3.73133309383535
"6690",19.9490325294873,19.9490325294873,19.9490325294873,19.9490325294873
"6691",6.17787149917025,6.17789326001883,6.17791066944545,6.17792459757737
"6692",11.5422647792048,11.5422647792048,11.5422647792048,11.5422647792048
"6693",2.91587981379917,2.91587981379917,2.91587981379917,2.91587981379917
"6694",7.98365345053967,7.98365345053967,7.98365345053967,7.98365345053967
"6695",7.84248900233299,7.84248900233299,7.84248900233299,7.84248900233299
"6696",20.0490508181652,20.0467289648148,20.0447698119884,20.043116675393
"6697",15.6745795741269,15.6745795741269,15.6745795741269,15.6745795741269
"6698",19.2683365691443,19.2683365691443,19.2683365691443,19.2683365691443
"6699",12.1241220661843,12.1241220661843,12.1241220661843,12.1241220661843
"6700",4.62648068138972,4.62648068138972,4.62648068138972,4.62648068138972
"6701",10.0747881563201,10.0747881563201,10.0747881563201,10.0747881563201
"6702",9.14335171338182,8.98604434718337,8.83117656980719,8.67871054708335
"6703",28.8695241834849,28.8695241834849,28.8695241834849,28.8695241834849
"6704",15.3201002234836,15.3201002234836,15.3201002234836,15.3201002234836
"6705",9.09146681177887,9.09146681177887,9.09146681177887,9.09146681177887
"6706",7.95445222734264,7.95445222734264,7.95445222734264,7.95445222734264
"6707",20.4273762619039,20.4273762619039,20.4273762619039,20.4273762619039
"6708",7.9835097054103,7.9835097054103,7.9835097054103,7.9835097054103
"6709",19.8959141488659,19.7684353733825,19.6417343020035,19.515806190224
"6710",24.9555340696919,24.9555340696919,24.9555340696919,24.9555340696919
"6711",4.74397285989456,4.74397285989456,4.74397285989456,4.74397285989456
"6712",11.2846801720733,11.2846801720733,11.2846801720733,11.2846801720733
"6713",8.89899844371187,8.89899844371187,8.89899844371187,8.89899844371187
"6714",6.05393332256343,6.05393332256343,6.05393332256343,6.05393332256343
"6715",3.9532505135611,3.9532505135611,3.9532505135611,3.9532505135611
"6716",11.8615404847748,11.8615404847748,11.8615404847748,11.8615404847748
"6717",12.0342974566906,12.0342974566906,12.0342974566906,12.0342974566906
"6718",6.65580545453849,6.65580545453849,6.65580545453849,6.65580545453849
"6719",5.97908120258576,5.97908120258576,5.97908120258576,5.97908120258576
"6720",23.7397180292504,23.7397180292504,23.7397180292504,23.7397180292504
"6721",14.4190711007558,14.4190711007558,14.4190711007558,14.4190711007558
"6722",10.1011163218584,10.1011163218584,10.1011163218584,10.1011163218584
"6723",5.27982345572068,5.27982345572068,5.27982345572068,5.27982345572068
"6724",22.2730140034345,22.2730140034345,22.2730140034345,22.2730140034345
"6725",12.7149073643014,12.7144678671726,12.7141054902138,12.713806699334
"6726",3.17821761724349,3.12910697264766,3.0805735730959,3.03261063366727
"6727",23.1810173513785,23.1810173513785,23.1810173513785,23.1810173513785
"6728",16.1827458861723,16.1827458861723,16.1827458861723,16.1827458861723
"6729",14.7828124249361,15.0602901353592,15.3426461829069,15.6299663336504
"6730",17.4962035668597,17.4962035668597,17.4962035668597,17.4962035668597
"6731",3.91897973705841,3.91897973705841,3.91897973705841,3.91897973705841
"6732",6.02041982545401,6.02041982545401,6.02041982545401,6.02041982545401
"6733",8.05232196159144,8.05232196159144,8.05232196159144,8.05232196159144
"6734",24.5199968096009,24.5199968096009,24.5199968096009,24.5199968096009
"6735",3.10106579324804,3.10106579324804,3.10106579324804,3.10106579324804
"6736",9.3381249059734,9.3381249059734,9.3381249059734,9.3381249059734
"6737",6.73945848726899,6.73945848726899,6.73945848726899,6.73945848726899
"6738",7.41213675028356,7.41213675028356,7.41213675028356,7.41213675028356
"6739",14.6889787184943,14.6889787184943,14.6889787184943,14.6889787184943
"6740",12.8402100637185,12.8402100637185,12.8402100637185,12.8402100637185
"6741",11.0145674233206,11.0145674233206,11.0145674233206,11.0145674233206
"6742",10.3970988553074,10.3970988553074,10.3970988553074,10.3970988553074
"6743",3.32577516276518,3.26526884371465,3.20560885035311,3.14678334479018
"6744",6.05764953224356,6.05764953224356,6.05764953224356,6.05764953224356
"6745",7.57510653722457,7.57510653722457,7.57510653722457,7.57510653722457
"6746",7.99347656086978,7.99347656086978,7.99347656086978,7.99347656086978
"6747",4.08376500396007,4.08376500396007,4.08376500396007,4.08376500396007
"6748",7.63635451153658,7.63635451153658,7.63635451153658,7.63635451153658
"6749",8.27889134819793,8.4034889666711,8.52975969090081,8.65772598747119
"6750",4.5886646760248,4.5886646760248,4.5886646760248,4.5886646760248
"6751",6.73469254475027,6.73469254475027,6.73469254475027,6.73469254475027
"6752",17.6172512876086,17.6172512876086,17.6172512876086,17.6172512876086
"6753",17.517145569518,17.517145569518,17.517145569518,17.517145569518
"6754",31.5091120213741,31.5091120213741,31.5091120213741,31.5091120213741
"6755",14.8945597193058,14.7555495090842,14.6452150244801,14.5575022871638
"6756",26.4566745332793,26.4566745332793,26.4566745332793,26.4566745332793
"6757",14.9648043175672,14.9648043175672,14.9648043175672,14.9648043175672
"6758",14.7472276577862,14.7472276577862,14.7472276577862,14.7472276577862
"6759",16.2796246064606,16.1329411897525,15.9875029404149,15.8432992884613
"6760",27.919198600483,27.9211631907417,27.9228732030703,27.9243616142385
"6761",16.6746136876557,16.6733342083483,16.6722305473631,16.6712785359912
"6762",18.2192430551051,18.2192430551051,18.2192430551051,18.2192430551051
"6763",14.6374534329973,14.6374534329973,14.6374534329973,14.6374534329973
"6764",29.2193348532271,29.2193348532271,29.2193348532271,29.2193348532271
"6765",13.5636954019055,13.5636954019055,13.5636954019055,13.5636954019055
"6766",15.2503166692793,15.2503166692793,15.2503166692793,15.2503166692793
"6767",8.54131029625178,8.54131029625178,8.54131029625178,8.54131029625178
"6768",13.3032773476992,13.3032773476992,13.3032773476992,13.3032773476992
"6769",18.7274960670783,18.7274960670783,18.7274960670783,18.7274960670783
"6770",3.65080785402857,3.65080785402857,3.65080785402857,3.65080785402857
"6771",5.65852594668676,5.65852594668676,5.65852594668676,5.65852594668676
"6772",5.40762021655777,5.40762021655777,5.40762021655777,5.40762021655777
"6773",6.72435180316349,6.72435180316349,6.72435180316349,6.72435180316349
"6774",81.5134887005787,81.2738219792299,81.034851388153,80.7965749053845
"6775",125.835191860631,125.835191860631,125.835191860631,125.835191860631
"6776",53.5845065295456,53.0759264056575,52.5720848744371,52.0729377850036
"6777",346.136971095274,346.136971095274,346.136971095274,346.136971095274
"6778",164.374112259075,164.374112259075,164.374112259075,164.374112259075
"6779",48.1008587718494,48.1008587718494,48.1008587718494,48.1008587718494
"6780",123.912199358277,123.708919746043,123.514427418619,123.328330147456
"6781",11.7779346174852,11.7779346174852,11.7779346174852,11.7779346174852
"6782",9.81251250754121,9.81251250754121,9.81251250754121,9.81251250754121
"6783",10.7075465570719,10.7075465570719,10.7075465570719,10.7075465570719
"6784",9.64222872440162,9.64222872440162,9.64222872440162,9.64222872440162
"6785",5.1458850942699,5.07808928656334,5.01104134047021,4.94473300626223
"6786",7.30254765224634,7.30254765224634,7.30254765224634,7.30254765224634
"6787",4.70686362418892,4.70686362418892,4.70686362418892,4.70686362418892
"6788",8.93824953930615,8.93824953930615,8.93824953930615,8.93824953930615
"6789",9.82023664126458,9.82023664126458,9.82023664126458,9.82023664126458
"6790",4.23204459046551,4.23204459046551,4.23204459046551,4.23204459046551
"6791",63.1299235481457,63.1299235481457,63.1299235481457,63.1299235481457
"6792",40.0513538611284,40.048120426693,40.0453669948311,40.0430222839023
"6793",26.1524201953114,26.1524201953114,26.1524201953114,26.1524201953114
"6794",5.72632200987826,5.72632200987826,5.72632200987826,5.72632200987826
"6795",29.8466125895646,29.8466125895646,29.8466125895646,29.8466125895646
"6796",9.84856132332369,9.84856132332369,9.84856132332369,9.84856132332369
"6797",4.94772801897291,4.94772801897291,4.94772801897291,4.94772801897291
"6798",18.0631787883385,18.0631787883385,18.0631787883385,18.0631787883385
"6799",6.34977575793334,6.34977575793334,6.34977575793334,6.34977575793334
"6800",19.3487917989021,19.3487917989021,19.3487917989021,19.3487917989021
"6801",24.4514918318486,24.4514918318486,24.4514918318486,24.4514918318486
"6802",6.11002801017943,6.11002801017943,6.11002801017943,6.11002801017943
"6803",7.40540807370873,7.40540807370873,7.40540807370873,7.40540807370873
"6804",19.3633321076799,19.3633321076799,19.3633321076799,19.3633321076799
"6805",7.90884724264327,7.90884724264327,7.90884724264327,7.90884724264327
"6806",8.72171827833556,8.72171827833556,8.72171827833556,8.72171827833556
"6807",18.1425411367341,18.1425411367341,18.1425411367341,18.1425411367341
"6808",8.73323371011073,8.73323371011073,8.73323371011073,8.73323371011073
"6809",26.5779566508689,26.5779566508689,26.5779566508689,26.5779566508689
"6810",37.5646866989021,37.5646866989021,37.5646866989021,37.5646866989021
"6811",23.1300443059124,23.1300443059124,23.1300443059124,23.1300443059124
"6812",7.30803086431651,7.30803086431651,7.30803086431651,7.30803086431651
"6813",16.9398950631164,16.9398950631164,16.9398950631164,16.9398950631164
"6814",26.2181839518453,26.2181839518453,26.2181839518453,26.2181839518453
"6815",57.7019155131703,57.7019155131703,57.7019155131703,57.7019155131703
"6816",26.6842212800851,26.6842212800851,26.6842212800851,26.6842212800851
"6817",13.3258718435594,13.3258718435594,13.3258718435594,13.3258718435594
"6818",10.8499687232167,10.8499687232167,10.8499687232167,10.8499687232167
"6819",7.62411261791319,7.62411261791319,7.62411261791319,7.62411261791319
"6820",15.2805438508254,15.2805438508254,15.2805438508254,15.2805438508254
"6821",50.1273477089052,50.1273477089052,50.1273477089052,50.1273477089052
"6822",24.8594063267883,24.8594063267883,24.8594063267883,24.8594063267883
"6823",28.3516673008788,28.3516673008788,28.3516673008788,28.3516673008788
"6824",48.2249009340829,48.2249009340829,48.2249009340829,48.2249009340829
"6825",37.7447699000577,37.7447699000577,37.7447699000577,37.7447699000577
"6826",40.5522030987227,40.5522030987227,40.5522030987227,40.5522030987227
"6827",50.4337010667878,50.4337010667878,50.4337010667878,50.4337010667878
"6828",5.4480055384549,5.4480055384549,5.4480055384549,5.4480055384549
"6829",3.90484865671255,3.90484865671255,3.90484865671255,3.90484865671255
"6830",7.35978932326052,7.35978932326052,7.35978932326052,7.35978932326052
"6831",6.37123479855073,6.37123479855073,6.37123479855073,6.37123479855073
"6832",7.75167478352035,7.75167478352035,7.75167478352035,7.75167478352035
"6833",6.60213683158743,6.60213683158743,6.60213683158743,6.60213683158743
"6834",7.76659492069858,7.76659492069858,7.76659492069858,7.76659492069858
"6835",6.4992826451906,6.4992826451906,6.4992826451906,6.4992826451906
"6836",6.66894438820627,6.66894438820627,6.66894438820627,6.66894438820627
"6837",8.27830726394198,8.27830726394198,8.27830726394198,8.27830726394198
"6838",5.88610773110316,5.88610773110316,5.88610773110316,5.88610773110316
"6839",5.03280687033436,4.92273571354931,4.81467285237464,4.70858164459294
"6840",6.57134020508496,6.57134020508496,6.57134020508496,6.57134020508496
"6841",14.0609284106094,14.0609284106094,14.0609284106094,14.0609284106094
"6842",26.7023397821601,26.7023397821601,26.7023397821601,26.7023397821601
"6843",10.892468217252,10.892468217252,10.892468217252,10.892468217252
"6844",11.1633160453062,11.1633160453062,11.1633160453062,11.1633160453062
"6845",11.3794364264733,11.3794364264733,11.3794364264733,11.3794364264733
"6846",21.2948267435737,21.2948267435737,21.2948267435737,21.2948267435737
"6847",8.3424192583961,8.3424192583961,8.3424192583961,8.3424192583961
"6848",4.94877784333399,5.00896331570068,5.0697577015584,5.13116716145763
"6849",45.0796876219152,45.0796876219152,45.0796876219152,45.0796876219152
"6850",14.8379467673712,14.8379467673712,14.8379467673712,14.8379467673712
"6851",8.72256225167141,8.72256225167141,8.72256225167141,8.72256225167141
"6852",16.0334378596863,16.0334378596863,16.0334378596863,16.0334378596863
"6853",11.141578871259,11.141578871259,11.141578871259,11.141578871259
"6854",5.0676345000169,5.0676345000169,5.0676345000169,5.0676345000169
"6855",9.73923757448646,9.73923757448646,9.73923757448646,9.73923757448646
"6856",12.4176379806015,12.4176379806015,12.4176379806015,12.4176379806015
"6857",4.81766945372064,4.81766945372064,4.81766945372064,4.81766945372064
"6858",7.10211383611508,7.10211383611508,7.10211383611508,7.10211383611508
"6859",6.38540174283606,6.38540174283606,6.38540174283606,6.38540174283606
"6860",5.45023934131964,5.45023934131964,5.45023934131964,5.45023934131964
"6861",6.7468854729156,6.7468854729156,6.7468854729156,6.7468854729156
"6862",7.54053548133779,7.54053548133779,7.54053548133779,7.54053548133779
"6863",2.09240151112922,2.09240151112922,2.09240151112922,2.09240151112922
"6864",3.83110987217434,3.83110987217434,3.83110987217434,3.83110987217434
"6865",3.45794010144072,3.39534677492676,3.33363231273914,3.27278437486418
"6866",3.66954131098957,3.58136238852359,3.4948486236929,3.40996857190877
"6867",12.1003174980361,12.1003174980361,12.1003174980361,12.1003174980361
"6868",5.42345589125717,5.42345589125717,5.42345589125717,5.42345589125717
"6869",7.8697942232497,7.8697942232497,7.8697942232497,7.8697942232497
"6870",7.29918041315461,7.29918041315461,7.29918041315461,7.29918041315461
"6871",4.07256031155415,4.07256031155415,4.07256031155415,4.07256031155415
"6872",9.79336344566702,9.79336344566702,9.79336344566702,9.79336344566702
"6873",8.09943889642575,8.09943889642575,8.09943889642575,8.09943889642575
"6874",15.9509303924437,15.9509303924437,15.9509303924437,15.9509303924437
"6875",4.22863463781052,4.22863463781052,4.22863463781052,4.22863463781052
"6876",12.2886157263758,12.2886157263758,12.2886157263758,12.2886157263758
"6877",5.25139709608396,5.25139709608396,5.25139709608396,5.25139709608396
"6878",4.65912589374533,4.65912589374533,4.65912589374533,4.65912589374533
"6879",10.325358099569,10.6112924193408,10.9044457987224,11.2050004992265
"6880",7.90448152784729,7.90448152784729,7.90448152784729,7.90448152784729
"6881",7.58969298789652,7.58969298789652,7.58969298789652,7.58969298789652
"6882",6.65619658584711,6.65619658584711,6.65619658584711,6.65619658584711
"6883",13.4122287848973,13.4122287848973,13.4122287848973,13.4122287848973
"6884",6.59512571959668,6.59512571959668,6.59512571959668,6.59512571959668
"6885",23.9915056475715,23.9915056475715,23.9915056475715,23.9915056475715
"6886",9.05050769919228,9.05050769919228,9.05050769919228,9.05050769919228
"6887",8.46360685546025,8.45742931849397,8.45183292263791,8.44676270294094
"6888",8.46580370470372,8.46580370470372,8.46580370470372,8.46580370470372
"6889",6.2913901698637,6.2913901698637,6.2913901698637,6.2913901698637
"6890",8.77708651544854,8.77708651544854,8.77708651544854,8.77708651544854
"6891",20.463530582277,20.463530582277,20.463530582277,20.463530582277
"6892",138.500221909029,138.500221909029,138.500221909029,138.500221909029
"6893",8.78110823477921,8.78110823477921,8.78110823477921,8.78110823477921
"6894",9.74964602521515,9.41209094789373,9.14969450329128,8.94454628872904
"6895",14.3372688974975,14.3372688974975,14.3372688974975,14.3372688974975
"6896",16.0287577338101,16.0287577338101,16.0287577338101,16.0287577338101
"6897",19.6922065302607,19.4578146682697,19.2260778902054,18.9969661204902
"6898",29.8395832472109,29.8395832472109,29.8395832472109,29.8395832472109
"6899",10.6461281982818,10.6461281982818,10.6461281982818,10.6461281982818
"6900",12.1070242393445,12.1070242393445,12.1070242393445,12.1070242393445
"6901",28.577421747956,28.577421747956,28.577421747956,28.577421747956
"6902",6.00943521215874,6.00943521215874,6.00943521215874,6.00943521215874
"6903",15.0708556154371,15.0708556154371,15.0708556154371,15.0708556154371
"6904",25.817445401409,25.817445401409,25.817445401409,25.817445401409
"6905",23.4726435634262,23.4726435634262,23.4726435634262,23.4726435634262
"6906",14.1436301552329,14.1436301552329,14.1436301552329,14.1436301552329
"6907",19.2041264019772,19.2041264019772,19.2041264019772,19.2041264019772
"6908",26.6295746406716,26.6295746406716,26.6295746406716,26.6295746406716
"6909",17.6603220759339,17.6603220759339,17.6603220759339,17.6603220759339
"6910",17.9217554399422,17.9217554399422,17.9217554399422,17.9217554399422
"6911",7.63974348560663,7.63974348560663,7.63974348560663,7.63974348560663
"6912",5.85455628437009,5.85455628437009,5.85455628437009,5.85455628437009
"6913",6.9024929299632,6.9024929299632,6.9024929299632,6.9024929299632
"6914",4.48387911879752,4.48387911879752,4.48387911879752,4.48387911879752
"6915",8.98633081639298,8.98633081639298,8.98633081639298,8.98633081639298
"6916",8.1885637556856,8.1885637556856,8.1885637556856,8.1885637556856
"6917",10.7895538426995,10.7895538426995,10.7895538426995,10.7895538426995
"6918",9.72035826483883,9.09765320539011,8.62563462149493,8.26395653963485
"6919",5.99872615543071,5.99511902877835,5.99187805500848,5.98896592254325
"6920",11.6393379295309,11.6393379295309,11.6393379295309,11.6393379295309
"6921",3.62810167542774,3.62810167542774,3.62810167542774,3.62810167542774
"6922",9.75115018198995,9.63806050788769,9.5261604064518,9.41543736475269
"6923",7.12736117479681,7.12736117479681,7.12736117479681,7.12736117479681
"6924",13.4637930485433,13.4637930485433,13.4637930485433,13.4637930485433
"6925",21.3140089520986,21.3140089520986,21.3140089520986,21.3140089520986
"6926",5.99820200897464,5.99820200897464,5.99820200897464,5.99820200897464
"6927",35.0316736071569,35.0316736071569,35.0316736071569,35.0316736071569
"6928",27.8762469081788,27.8762469081788,27.8762469081788,27.8762469081788
"6929",17.0704171382649,17.0704171382649,17.0704171382649,17.0704171382649
"6930",21.222584955369,21.5673314985065,21.917426212401,22.2729520650504
"6931",6.16585945600755,6.16585945600755,6.16585945600755,6.16585945600755
"6932",73.5284895012767,73.5284895012767,73.5284895012767,73.5284895012767
"6933",34.2107973700933,34.0930212132314,33.9756390043673,33.8586494257893
"6934",70.9785839911382,70.9785839911382,70.9785839911382,70.9785839911382
"6935",20.6196638451645,20.6196638451645,20.6196638451645,20.6196638451645
"6936",17.9930967256368,17.9930967256368,17.9930967256368,17.9930967256368
"6937",5.73125895693954,5.73125895693954,5.73125895693954,5.73125895693954
"6938",9.41690670454453,9.41690670454453,9.41690670454453,9.41690670454453
"6939",7.83078092275054,7.83078092275054,7.83078092275054,7.83078092275054
"6940",22.4736894271741,22.4736894271741,22.4736894271741,22.4736894271741
"6941",90.7753193752164,90.7753193752164,90.7753193752164,90.7753193752164
"6942",12.0851546610543,12.0851546610543,12.0851546610543,12.0851546610543
"6943",49.9162409749247,49.9162409749247,49.9162409749247,49.9162409749247
"6944",22.7819110042565,22.7819110042565,22.7819110042565,22.7819110042565
"6945",7.58545459729044,7.58545459729044,7.58545459729044,7.58545459729044
"6946",7.5684180986858,7.5684180986858,7.5684180986858,7.5684180986858
"6947",5.64540987745056,5.64540987745056,5.64540987745056,5.64540987745056
"6948",53.4623273222846,53.4623273222846,53.4623273222846,53.4623273222846
"6949",32.3134907292516,32.3134907292516,32.3134907292516,32.3134907292516
"6950",10.7024624388159,10.7024624388159,10.7024624388159,10.7024624388159
"6951",44.3462449259745,44.3462449259745,44.3462449259745,44.3462449259745
"6952",36.1853548791834,36.1853548791834,36.1853548791834,36.1853548791834
"6953",40.1012840981313,40.1012840981313,40.1012840981313,40.1012840981313
"6954",42.0602001916221,42.0602001916221,42.0602001916221,42.0602001916221
"6955",57.0643416936831,57.0643416936831,57.0643416936831,57.0643416936831
"6956",29.6390397243968,29.6390397243968,29.6390397243968,29.6390397243968
"6957",5.11633081668387,5.11633081668387,5.11633081668387,5.11633081668387
"6958",6.88852186083321,5.92801215809466,5.08445451625304,4.34360880373128
"6959",4.63985803122124,4.63985803122124,4.63985803122124,4.63985803122124
"6960",8.7551269022583,8.7551269022583,8.7551269022583,8.7551269022583
"6961",7.34526336692343,7.2779146949792,7.21110954615861,7.14484353407394
"6962",5.36259728973164,5.36015286156397,5.35795386219759,5.35597557748896
"6963",11.7343913693323,11.7328329663775,11.7314596709796,11.7302494794748
"6964",11.0336499289412,10.9040071943234,10.7757611463916,10.6488967381498
"6965",5.09251783966706,5.09251783966706,5.09251783966706,5.09251783966706
"6966",5.46353841218945,5.46353841218945,5.46353841218945,5.46353841218945
"6967",6.67575049243525,6.56603337007047,6.45788454346411,6.35128159540789
"6968",12.0590624135477,12.2405609663006,12.4245820374096,12.6111606855502
"6969",8.69588373391032,8.69588373391032,8.69588373391032,8.69588373391032
"6970",15.2432262348853,15.2432262348853,15.2432262348853,15.2432262348853
"6971",7.29301115849243,7.29301115849243,7.29301115849243,7.29301115849243
"6972",7.63523470797918,7.54534452440319,7.45639007047169,7.36836160552187
"6973",7.05109776666743,7.05109776666743,7.05109776666743,7.05109776666743
"6974",36.6603221199368,36.6603221199368,36.6603221199368,36.6603221199368
"6975",5.03632087554239,5.03632087554239,5.03632087554239,5.03632087554239
"6976",11.6539610946316,11.6539610946316,11.6539610946316,11.6539610946316
"6977",16.3473113186813,16.3473113186813,16.3473113186813,16.3473113186813
"6978",16.6012405456997,16.6012405456997,16.6012405456997,16.6012405456997
"6979",19.715497017384,19.715497017384,19.715497017384,19.715497017384
"6980",8.27141826378445,8.27141826378445,8.27141826378445,8.27141826378445
"6981",18.2035570972563,18.2035570972563,18.2035570972563,18.2035570972563
"6982",16.4148750993855,16.4148750993855,16.4148750993855,16.4148750993855
"6983",27.4560601430073,27.4560601430073,27.4560601430073,27.4560601430073
"6984",9.69239700838259,9.69239700838259,9.69239700838259,9.69239700838259
"6985",15.0791488084774,15.0791488084774,15.0791488084774,15.0791488084774
"6986",9.18971892380837,9.18971892380837,9.18971892380837,9.18971892380837
"6987",17.7211041726429,17.7211041726429,17.7211041726429,17.7211041726429
"6988",12.1549166730347,12.1549166730347,12.1549166730347,12.1549166730347
"6989",18.6142495385955,18.6142495385955,18.6142495385955,18.6142495385955
"6990",36.2060625277862,36.2060625277862,36.2060625277862,36.2060625277862
"6991",18.8523335405557,18.8523335405557,18.8523335405557,18.8523335405557
"6992",5.45961246598434,5.45961246598434,5.45961246598434,5.45961246598434
"6993",7.16102189349537,7.16102189349537,7.16102189349537,7.16102189349537
"6994",29.0173731481909,29.0173731481909,29.0173731481909,29.0173731481909
"6995",15.7891579360701,15.7891579360701,15.7891579360701,15.7891579360701
"6996",25.6326587239579,25.6330357529833,25.6333656514634,25.6336543104769
"6997",19.2652270565199,19.2652270565199,19.2652270565199,19.2652270565199
"6998",24.0571967190854,24.0571967190854,24.0571967190854,24.0571967190854
"6999",12.1043858045064,11.9652569295483,11.8276051817243,11.6914148784194
"7000",34.5227762950911,34.5227762950911,34.5227762950911,34.5227762950911
"7001",18.347318896303,18.225908612744,18.1083686219863,17.994557272352
"7002",7.1568194728506,7.14062839516687,7.12549818218322,7.11135759112381
"7003",5.07024919570537,5.07024919570537,5.07024919570537,5.07024919570537
"7004",4.38553803604673,4.38553803604673,4.38553803604673,4.38553803604673
"7005",4.11047294924794,4.10973165344656,4.10909030461225,4.10853541704477
"7006",14.600728057376,14.600728057376,14.600728057376,14.600728057376
"7007",2.92487474074188,2.92487474074188,2.92487474074188,2.92487474074188
"7008",11.7656325278892,11.7656325278892,11.7656325278892,11.7656325278892
"7009",18.2559782159843,18.070959303231,17.887718124005,17.7062375971527
"7010",105.619076641757,105.619076641757,105.619076641757,105.619076641757
"7011",296.024871411985,296.024871411985,296.024871411985,296.024871411985
"7012",265.853454197122,265.853454197122,265.853454197122,265.853454197122
"7013",74.4187970362313,73.7390182914056,73.0653666549411,72.3977869008439
"7014",712.760239556832,712.760239556832,712.760239556832,712.760239556832
"7015",24.6253847472728,24.6253847472728,24.6253847472728,24.6253847472728
"7016",235.835336152394,235.835336152394,235.835336152394,235.835336152394
"7017",30.5826466041929,30.4207148244975,30.2596133077501,30.099337796994
"7018",208.032284863139,205.439101404086,202.878088097394,200.348845851089
"7019",858.661151165408,858.661151165408,858.661151165408,858.661151165408
"7020",63.8391547576319,64.8704358983986,65.9181197944955,66.9824673353849
"7021",29.3138199714795,29.3138199714795,29.3138199714795,29.3138199714795
"7022",15.6452138202013,15.6452138202013,15.6452138202013,15.6452138202013
"7023",29.3326341497391,29.3326341497391,29.3326341497391,29.3326341497391
"7024",46.932310915599,46.932310915599,46.932310915599,46.932310915599
"7025",40.3718556051517,40.932323723443,41.5003845519723,42.0761409498442
"7026",19.4860301701794,19.4860301701794,19.4860301701794,19.4860301701794
"7027",27.0523876766378,27.0523876766378,27.0523876766378,27.0523876766378
"7028",7.63965942446317,7.63965942446317,7.63965942446317,7.63965942446317
"7029",6.12018437970645,6.12018437970645,6.12018437970645,6.12018437970645
"7030",8.51579139790292,8.51579139790292,8.51579139790292,8.51579139790292
"7031",7.71740119875085,7.71740119875085,7.71740119875085,7.71740119875085
"7032",8.53702829370954,8.53702829370954,8.53702829370954,8.53702829370954
"7033",9.40232438301666,9.40232438301666,9.40232438301666,9.40232438301666
"7034",20.2157683296619,20.2157683296619,20.2157683296619,20.2157683296619
"7035",3.92979734045849,3.92979734045849,3.92979734045849,3.92979734045849
"7036",6.32322380356819,6.32322380356819,6.32322380356819,6.32322380356819
"7037",8.73712113907791,8.73712113907791,8.73712113907791,8.73712113907791
"7038",6.98744600929153,6.98744600929153,6.98744600929153,6.98744600929153
"7039",8.03348564132686,8.03348564132686,8.03348564132686,8.03348564132686
"7040",16.0373526538385,16.2550783130432,16.4755863565561,16.6989123413365
"7041",4.09138211019795,4.09138211019795,4.09138211019795,4.09138211019795
"7042",12.7170951973807,12.7170951973807,12.7170951973807,12.7170951973807
"7043",4.93561397309494,4.93561397309494,4.93561397309494,4.93561397309494
"7044",7.4591201978463,7.46076089030631,7.46220434876677,7.46347425562936
"7045",8.24257030313053,8.24257030313053,8.24257030313053,8.24257030313053
"7046",12.7581216382177,12.7581216382177,12.7581216382177,12.7581216382177
"7047",9.32606059289682,9.32606059289682,9.32606059289682,9.32606059289682
"7048",20.7311913291687,20.9982150804406,21.2685199074099,21.5421461265565
"7049",19.3466496794858,19.3466496794858,19.3466496794858,19.3466496794858
"7050",5.33917154925033,5.33917154925033,5.33917154925033,5.33917154925033
"7051",6.52289040656018,6.52289040656018,6.52289040656018,6.52289040656018
"7052",4.83286125690439,4.83286125690439,4.83286125690439,4.83286125690439
"7053",3.63663659039654,3.63663659039654,3.63663659039654,3.63663659039654
"7054",6.0678341998646,6.0678341998646,6.0678341998646,6.0678341998646
"7055",3.75428020841466,3.75428020841466,3.75428020841466,3.75428020841466
"7056",4.70989954131164,4.70989954131164,4.70989954131164,4.70989954131164
"7057",23.1068730738787,23.1068730738787,23.1068730738787,23.1068730738787
"7058",9.55826093388001,9.55826093388001,9.55826093388001,9.55826093388001
"7059",20.9188989202523,20.9188989202523,20.9188989202523,20.9188989202523
"7060",7.69383629679395,7.69383629679395,7.69383629679395,7.69383629679395
"7061",5.11031991101987,5.11031991101987,5.11031991101987,5.11031991101987
"7062",7.17780377027699,7.17780377027699,7.17780377027699,7.17780377027699
"7063",18.1726765278962,18.1726765278962,18.1726765278962,18.1726765278962
"7064",14.9680444471359,14.9680444471359,14.9680444471359,14.9680444471359
"7065",11.3889551897108,11.3889551897108,11.3889551897108,11.3889551897108
"7066",26.616701910896,27.2406808927689,27.8787582188638,28.5312524308554
"7067",30.6848057914983,31.353808870004,32.0369374925321,32.734489910317
"7068",23.9941413790491,23.9941413790491,23.9941413790491,23.9941413790491
"7069",18.1116582580843,18.1116582580843,18.1116582580843,18.1116582580843
"7070",13.7543124440484,13.7543124440484,13.7543124440484,13.7543124440484
"7071",11.0493600739761,11.2048048159449,11.3622548982518,11.5217361911183
"7072",55.3415985772516,55.3415985772516,55.3415985772516,55.3415985772516
"7073",31.4757811237711,32.2058820444907,32.9523966536881,33.7156939540061
"7074",32.9403239240815,32.9403239240815,32.9403239240815,32.9403239240815
"7075",30.1388392468951,30.1388392468951,30.1388392468951,30.1388392468951
"7076",15.9374100959592,15.9374100959592,15.9374100959592,15.9374100959592
"7077",34.6017988228008,34.6017988228008,34.6017988228008,34.6017988228008
"7078",30.0131131847429,30.8723705738227,31.7554347718576,32.6629653764952
"7079",14.8303969916943,14.8303969916943,14.8303969916943,14.8303969916943
"7080",16.5422560330612,16.5422560330612,16.5422560330612,16.5422560330612
"7081",28.5856788425982,29.4104439304587,30.2582011373702,31.1295914186134
"7082",26.4593197072211,26.4593197072211,26.4593197072211,26.4593197072211
"7083",15.2232974312163,15.2232974312163,15.2232974312163,15.2232974312163
"7084",25.2850717259371,25.291347018256,25.2969188103772,25.3018658439715
"7085",28.4192657054068,28.4192657054068,28.4192657054068,28.4192657054068
"7086",16.9610444410496,16.9610444410496,16.9610444410496,16.9610444410496
"7087",12.7446375251236,12.7446375251236,12.7446375251236,12.7446375251236
"7088",23.5106257469144,23.6579130721114,23.7802692076045,23.8818176522209
"7089",12.1584023741088,12.1584023741088,12.1584023741088,12.1584023741088
"7090",28.023483915797,28.0707682143708,28.1144602599131,28.1548280703107
"7091",4.80555921633794,4.80555921633794,4.80555921633794,4.80555921633794
"7092",21.8325715522073,21.8325715522073,21.8325715522073,21.8325715522073
"7093",42.6062874899807,42.6062874899807,42.6062874899807,42.6062874899807
"7094",31.1222747685993,31.1222747685993,31.1222747685993,31.1222747685993
"7095",58.5147353378797,58.5132203600299,58.5120028377434,58.51102436324
"7096",46.0432924231831,46.0432924231831,46.0432924231831,46.0432924231831
"7097",52.317834935864,51.7387416371291,51.2218687458691,50.7600605875938
"7098",27.9223432738905,27.9223432738905,27.9223432738905,27.9223432738905
"7099",20.0058333287104,20.0058333287104,20.0058333287104,20.0058333287104
"7100",30.4613451211256,30.4613451211256,30.4613451211256,30.4613451211256
"7101",21.9214231822879,21.9214231822879,21.9214231822879,21.9214231822879
"7102",25.4855623873176,25.4855623873176,25.4855623873176,25.4855623873176
"7103",2.9287113551768,2.9287113551768,2.9287113551768,2.9287113551768
"7104",5.3145786577885,5.3145786577885,5.3145786577885,5.3145786577885
"7105",9.7041313849055,9.7041313849055,9.7041313849055,9.7041313849055
"7106",4.65877126498598,4.65877126498598,4.65877126498598,4.65877126498598
"7107",17.3337475629688,17.3337475629688,17.3337475629688,17.3337475629688
"7108",15.6329618418329,15.6329618418329,15.6329618418329,15.6329618418329
"7109",29.0294762236104,29.0294762236104,29.0294762236104,29.0294762236104
"7110",15.4756027779973,15.4756027779973,15.4756027779973,15.4756027779973
"7111",9.42886128412356,9.42886128412356,9.42886128412356,9.42886128412356
"7112",5.0430790015865,4.99207506856005,4.94150161165073,4.89135499761546
"7113",5.48148804577842,5.48148804577842,5.48148804577842,5.48148804577842
"7114",23.306295221071,23.306295221071,23.306295221071,23.306295221071
"7115",17.4397728314232,17.4397728314232,17.4397728314232,17.4397728314232
"7116",17.3282789373766,17.3282789373766,17.3282789373766,17.3282789373766
"7117",8.66217367183962,8.66217367183962,8.66217367183962,8.66217367183962
"7118",6.42077110112766,6.42077110112766,6.42077110112766,6.42077110112766
"7119",11.0202067936955,11.0202067936955,11.0202067936955,11.0202067936955
"7120",7.52747179976891,7.42011637133572,7.31411247924117,7.20944310850519
"7121",14.2455417814255,14.433672167636,14.6241240877561,14.8169261895752
"7122",5.71101079509891,5.71101079509891,5.71101079509891,5.71101079509891
"7123",11.7108385478347,11.7108385478347,11.7108385478347,11.7108385478347
"7124",16.5828673085604,16.5828673085604,16.5828673085604,16.5828673085604
"7125",14.7268767305335,14.7268767305335,14.7268767305335,14.7268767305335
"7126",14.8249975803594,14.8249975803594,14.8249975803594,14.8249975803594
"7127",17.0309739342418,17.0309739342418,17.0309739342418,17.0309739342418
"7128",18.7824619153014,18.7824619153014,18.7824619153014,18.7824619153014
"7129",21.8056151183905,21.8056151183905,21.8056151183905,21.8056151183905
"7130",6.24383190982415,6.24383190982415,6.24383190982415,6.24383190982415
"7131",12.1968542350881,12.2046705419551,12.2117063443938,12.218039222928
"7132",8.74073608406921,8.74073608406921,8.74073608406921,8.74073608406921
"7133",13.3953341177152,13.2823254360108,13.1702039141345,13.0589625875543
"7134",20.7336884178542,20.8945026517971,21.056506799635,21.2197096659062
"7135",25.1488958940312,25.1488958940312,25.1488958940312,25.1488958940312
"7136",19.1346993946089,19.1346993946089,19.1346993946089,19.1346993946089
"7137",31.0557993790145,31.252315116158,31.450035578677,31.6489681520525
"7138",28.6213802818554,28.6213802818554,28.6213802818554,28.6213802818554
"7139",8.05557366761202,8.05557366761202,8.05557366761202,8.05557366761202
"7140",6.66480712371038,6.66480712371038,6.66480712371038,6.66480712371038
"7141",30.3144751128654,30.3144751128654,30.3144751128654,30.3144751128654
"7142",22.3952595990228,22.3952595990228,22.3952595990228,22.3952595990228
"7143",10.6237415316249,10.6237415316249,10.6237415316249,10.6237415316249
"7144",9.20223648106035,9.20223648106035,9.20223648106035,9.20223648106035
"7145",24.2588116549551,24.6464676539699,25.0400731479817,25.439719446014
"7146",18.1354519623327,18.4245704836316,18.7180573114394,19.0159784467224
"7147",25.2670477861189,25.2670477861189,25.2670477861189,25.2670477861189
"7148",5.11698944798315,5.11698944798315,5.11698944798315,5.11698944798315
"7149",6.22470505798299,6.22470505798299,6.22470505798299,6.22470505798299
"7150",7.58460745423362,7.58460745423362,7.58460745423362,7.58460745423362
"7151",21.6895765787546,21.6895765787546,21.6895765787546,21.6895765787546
"7152",16.9831165817483,17.2262861588614,17.472743900346,17.7225342691035
"7153",36.1490777744704,36.1490777744704,36.1490777744704,36.1490777744704
"7154",20.9341517692056,20.9341517692056,20.9341517692056,20.9341517692056
"7155",8.41875845045927,8.41910378254197,8.41939299272714,8.41963520038014
"7156",27.7808499271615,27.7808499271615,27.7808499271615,27.7808499271615
"7157",3.80412196424679,3.80412196424679,3.80412196424679,3.80412196424679
"7158",5.89411976998521,5.89411976998521,5.89411976998521,5.89411976998521
"7159",17.8359284773525,17.8359284773525,17.8359284773525,17.8359284773525
"7160",132.531785108684,132.531269648455,132.530847869672,132.530502746137
"7161",234.05393947776,234.05393947776,234.05393947776,234.05393947776
"7162",179.565547145818,179.565547145818,179.565547145818,179.565547145818
"7163",116.64507030304,116.695795174601,116.739367600665,116.776793990357
"7164",354.105935115259,354.105935115259,354.105935115259,354.105935115259
"7165",19.9802133232585,19.9802133232585,19.9802133232585,19.9802133232585
"7166",146.906320954736,146.878603196004,146.856432728869,146.838698748284
"7167",11.3873510636433,11.3389877672056,11.2930774189534,11.2494877677563
"7168",79.5726956069321,79.5726956069321,79.5726956069321,79.5726956069321
"7169",213.588339229895,213.588339229895,213.588339229895,213.588339229895
"7170",11.3140639665234,11.3140639665234,11.3140639665234,11.3140639665234
"7171",6.86894892460905,6.86894892460905,6.86894892460905,6.86894892460905
"7172",6.55944829160105,6.55944829160105,6.55944829160105,6.55944829160105
"7173",7.18229427378533,7.18229427378533,7.18229427378533,7.18229427378533
"7174",6.62367958312361,6.62367958312361,6.62367958312361,6.62367958312361
"7175",9.26262512073862,9.26262512073862,9.26262512073862,9.26262512073862
"7176",8.15168908204767,8.15168908204767,8.15168908204767,8.15168908204767
"7177",6.10679072502519,6.10679072502519,6.10679072502519,6.10679072502519
"7178",15.5272807613825,15.5272807613825,15.5272807613825,15.5272807613825
"7179",5.46477193375255,5.46333931724925,5.46208410461101,5.46098429927447
"7180",6.04153908444226,6.04153908444226,6.04153908444226,6.04153908444226
"7181",5.18927404412478,5.18927404412478,5.18927404412478,5.18927404412478
"7182",6.64722461943261,6.64722461943261,6.64722461943261,6.64722461943261
"7183",8.59243626111621,8.59243626111621,8.59243626111621,8.59243626111621
"7184",3.80473068808588,3.80473068808588,3.80473068808588,3.80473068808588
"7185",8.61007459712673,8.61007459712673,8.61007459712673,8.61007459712673
"7186",6.71799010660793,6.71799010660793,6.71799010660793,6.71799010660793
"7187",2.86975770243451,2.86975770243451,2.86975770243451,2.86975770243451
"7188",8.70558359500157,8.70558359500157,8.70558359500157,8.70558359500157
"7189",7.92918053060134,7.92918053060134,7.92918053060134,7.92918053060134
"7190",8.13806234195718,8.13806234195718,8.13806234195718,8.13806234195718
"7191",14.2117228202343,14.2117228202343,14.2117228202343,14.2117228202343
"7192",5.93796765204695,5.93796765204695,5.93796765204695,5.93796765204695
"7193",6.49593198452896,6.49593198452896,6.49593198452896,6.49593198452896
"7194",3.14760527994332,3.121419286461,3.09665274896199,3.07322172338295
"7195",11.8147113361513,11.8147113361513,11.8147113361513,11.8147113361513
"7196",15.8535644397188,15.8535644397188,15.8535644397188,15.8535644397188
"7197",9.50123573371137,9.50123573371137,9.50123573371137,9.50123573371137
"7198",19.5935050879493,20.57290554183,21.5988850139481,22.6736587421373
"7199",7.71457377344633,7.71457377344633,7.71457377344633,7.71457377344633
"7200",5.65946506541473,5.65946506541473,5.65946506541473,5.65946506541473
"7201",6.65112959435658,6.65112959435658,6.65112959435658,6.65112959435658
"7202",3.00027754735215,3.00027754735215,3.00027754735215,3.00027754735215
"7203",6.00017599993843,6.00017599993843,6.00017599993843,6.00017599993843
"7204",25.2851352511931,25.2851352511931,25.2851352511931,25.2851352511931
"7205",7.38595413548074,7.38595413548074,7.38595413548074,7.38595413548074
"7206",7.63658795755257,7.63658795755257,7.63658795755257,7.63658795755257
"7207",34.8666789522949,35.527793287638,36.2010936456952,36.8868046459337
"7208",7.14744776593273,7.14744776593273,7.14744776593273,7.14744776593273
"7209",14.2458353856244,14.4087743730322,14.5734547614814,14.7398951620953
"7210",5.58819208537511,5.58819208537511,5.58819208537511,5.58819208537511
"7211",33.0987269115704,33.0987269115704,33.0987269115704,33.0987269115704
"7212",30.5548264351004,30.5548264351004,30.5548264351004,30.5548264351004
"7213",48.6454737966214,48.6454737966214,48.6454737966214,48.6454737966214
"7214",54.8408455647714,54.8408455647714,54.8408455647714,54.8408455647714
"7215",89.9931635310721,89.9931635310721,89.9931635310721,89.9931635310721
"7216",3.34957239845935,3.34957239845935,3.34957239845935,3.34957239845935
"7217",61.1759168478543,58.3640427256819,55.6793341762873,53.1160402015116
"7218",89.0520953371368,89.0520953371368,89.0520953371368,89.0520953371368
"7219",31.613515154318,31.613515154318,31.613515154318,31.613515154318
"7220",52.8252732783292,52.3262055736585,51.8317652226206,51.3419093204124
"7221",15.6791654968864,15.9358736612635,16.1965328075809,16.4612037451952
"7222",31.1489161048231,31.1489161048231,31.1489161048231,31.1489161048231
"7223",26.2766874244669,26.2766874244669,26.2766874244669,26.2766874244669
"7224",31.266795036343,31.266795036343,31.266795036343,31.266795036343
"7225",20.8175871746003,21.3290333204678,21.8524687462694,22.3881745037532
"7226",13.1195879102777,13.1195879102777,13.1195879102777,13.1195879102777
"7227",25.6052768606732,25.6052768606732,25.6052768606732,25.6052768606732
"7228",7.12161999787383,7.12161999787383,7.12161999787383,7.12161999787383
"7229",16.3885754994402,16.3885754994402,16.3885754994402,16.3885754994402
"7230",9.68238559948348,9.68238559948348,9.68238559948348,9.68238559948348
"7231",13.9901754293606,13.9901754293606,13.9901754293606,13.9901754293606
"7232",12.5478153854879,12.5478153854879,12.5478153854879,12.5478153854879
"7233",31.2818975341863,31.2818975341863,31.2818975341863,31.2818975341863
"7234",16.6416825194982,16.6416825194982,16.6416825194982,16.6416825194982
"7235",9.11429028916102,9.11429028916102,9.11429028916102,9.11429028916102
"7236",45.0670712353693,45.0670712353693,45.0670712353693,45.0670712353693
"7237",64.9331873316881,64.9331873316881,64.9331873316881,64.9331873316881
"7238",24.72916961691,24.72916961691,24.72916961691,24.72916961691
"7239",26.3854037638225,26.3854037638225,26.3854037638225,26.3854037638225
"7240",10.6984168814877,10.6984168814877,10.6984168814877,10.6984168814877
"7241",10.3022518501079,10.5013760540335,10.704008448107,10.9102108399734
"7242",3.80179245684829,3.80179245684829,3.80179245684829,3.80179245684829
"7243",13.9565642010921,13.9565642010921,13.9565642010921,13.9565642010921
"7244",7.57384877378979,7.57384877378979,7.57384877378979,7.57384877378979
"7245",10.9986350647309,10.9986350647309,10.9986350647309,10.9986350647309
"7246",5.10177333239454,5.10177333239454,5.10177333239454,5.10177333239454
"7247",7.04990370001305,7.04990370001305,7.04990370001305,7.04990370001305
"7248",8.63582056116671,8.63814268879995,8.64000079383072,8.6414875357795
"7249",5.40771355025398,5.40771355025398,5.40771355025398,5.40771355025398
"7250",10.8057009205897,10.6885350337597,10.5725319618383,10.4576801644485
"7251",15.4658957819419,15.4658957819419,15.4658957819419,15.4658957819419
"7252",21.3274014718953,21.3274014718953,21.3274014718953,21.3274014718953
"7253",25.6865081791758,25.6865081791758,25.6865081791758,25.6865081791758
"7254",10.2373064628062,10.2373064628062,10.2373064628062,10.2373064628062
"7255",9.91557781530859,9.91557781530859,9.91557781530859,9.91557781530859
"7256",17.61656949909,17.61656949909,17.61656949909,17.61656949909
"7257",15.9193816929443,15.9193816929443,15.9193816929443,15.9193816929443
"7258",16.1968643645464,16.1968643645464,16.1968643645464,16.1968643645464
"7259",7.46886300636748,7.46886300636748,7.46886300636748,7.46886300636748
"7260",17.8628876041252,17.8628876041252,17.8628876041252,17.8628876041252
"7261",8.08516702080756,8.08516702080756,8.08516702080756,8.08516702080756
"7262",12.5379734681223,12.5379734681223,12.5379734681223,12.5379734681223
"7263",7.35403287443125,7.35403287443125,7.35403287443125,7.35403287443125
"7264",11.4380866337763,11.4380866337763,11.4380866337763,11.4380866337763
"7265",33.3832782811985,33.3832782811985,33.3832782811985,33.3832782811985
"7266",18.4364772266718,18.4364772266718,18.4364772266718,18.4364772266718
"7267",21.308979849187,21.308979849187,21.308979849187,21.308979849187
"7268",87.737107498552,87.737107498552,87.737107498552,87.737107498552
"7269",38.5195753830995,38.5195753830995,38.5195753830995,38.5195753830995
"7270",97.7111085166918,97.7111085166918,97.7111085166918,97.7111085166918
"7271",21.5005978986093,21.5005978986093,21.5005978986093,21.5005978986093
"7272",5.39397216665109,5.39397216665109,5.39397216665109,5.39397216665109
"7273",26.0325291371262,26.0325291371262,26.0325291371262,26.0325291371262
"7274",33.6203144801694,33.6203144801694,33.6203144801694,33.6203144801694
"7275",20.4726084853218,20.4726084853218,20.4726084853218,20.4726084853218
"7276",10.1174531916781,10.1174531916781,10.1174531916781,10.1174531916781
"7277",15.3116807890985,15.3116807890985,15.3116807890985,15.3116807890985
"7278",36.304437589679,36.304437589679,36.304437589679,36.304437589679
"7279",31.750154884061,31.750154884061,31.750154884061,31.750154884061
"7280",43.1516879171515,43.1516879171515,43.1516879171515,43.1516879171515
"7281",27.3457135244549,27.348612177961,27.3511402173172,27.3533450012665
"7282",41.2858133622765,41.2858133622765,41.2858133622765,41.2858133622765
"7283",22.3290279407937,22.3290279407937,22.3290279407937,22.3290279407937
"7284",42.7247809602503,42.7247809602503,42.7247809602503,42.7247809602503
"7285",24.5209665657991,24.5209665657991,24.5209665657991,24.5209665657991
"7286",14.4464805602115,14.5630619366575,14.680523203981,14.7988710031051
"7287",54.9504953904584,54.9504953904584,54.9504953904584,54.9504953904584
"7288",81.960039690557,81.960039690557,81.960039690557,81.960039690557
"7289",9.99208906454636,9.99208906454636,9.99208906454636,9.99208906454636
"7290",40.3858237856691,40.3858237856691,40.3858237856691,40.3858237856691
"7291",26.3351384247981,26.3351384247981,26.3351384247981,26.3351384247981
"7292",17.5587281290838,17.5587281290838,17.5587281290838,17.5587281290838
"7293",21.146900678188,21.146900678188,21.146900678188,21.146900678188
"7294",3.58093917961747,3.58093917961747,3.58093917961747,3.58093917961747
"7295",21.3534775995985,21.3534775995985,21.3534775995985,21.3534775995985
"7296",9.9499909453919,9.9499909453919,9.9499909453919,9.9499909453919
"7297",8.6772109231348,8.6772109231348,8.6772109231348,8.6772109231348
"7298",22.8509953128501,22.8509953128501,22.8509953128501,22.8509953128501
"7299",10.4586639685241,10.4586639685241,10.4586639685241,10.4586639685241
"7300",9.53883849490432,9.53883849490432,9.53883849490432,9.53883849490432
"7301",9.44471270507142,9.44471270507142,9.44471270507142,9.44471270507142
"7302",9.984946017022,9.984946017022,9.984946017022,9.984946017022
"7303",14.5150433555326,14.5150433555326,14.5150433555326,14.5150433555326
"7304",16.481400319765,16.481400319765,16.481400319765,16.481400319765
"7305",21.7764397653581,21.7764397653581,21.7764397653581,21.7764397653581
"7306",15.7917360296927,15.7917360296927,15.7917360296927,15.7917360296927
"7307",20.1064985601971,20.1064985601971,20.1064985601971,20.1064985601971
"7308",18.3340005173163,18.3340005173163,18.3340005173163,18.3340005173163
"7309",17.6799652650888,17.6799652650888,17.6799652650888,17.6799652650888
"7310",11.5959903324453,11.5959903324453,11.5959903324453,11.5959903324453
"7311",8.16935030516509,8.16935030516509,8.16935030516509,8.16935030516509
"7312",10.418381695144,10.418381695144,10.418381695144,10.418381695144
"7313",10.2915298888222,10.2915298888222,10.2915298888222,10.2915298888222
"7314",11.9456840455519,11.9456840455519,11.9456840455519,11.9456840455519
"7315",11.0813034358606,11.0813034358606,11.0813034358606,11.0813034358606
"7316",16.8062003394913,16.8062003394913,16.8062003394913,16.8062003394913
"7317",19.942243052198,19.942243052198,19.942243052198,19.942243052198
"7318",23.472608892337,23.472608892337,23.472608892337,23.472608892337
"7319",12.7093864447139,12.7093864447139,12.7093864447139,12.7093864447139
"7320",16.5656694173377,16.5656694173377,16.5656694173377,16.5656694173377
"7321",19.0412650764128,19.0412650764128,19.0412650764128,19.0412650764128
"7322",3.52889921949631,3.46948795473445,3.41085606222389,3.35299331795898
"7323",4.71662041692524,4.71662041692524,4.71662041692524,4.71662041692524
"7324",20.1261822932383,20.1261822932383,20.1261822932383,20.1261822932383
"7325",51.197028977293,51.197028977293,51.197028977293,51.197028977293
"7326",40.0992858814079,40.0992858814079,40.0992858814079,40.0992858814079
"7327",141.837486703661,142.460623816597,143.086479402606,143.715065321192
"7328",181.410802450979,181.410802450979,181.410802450979,181.410802450979
"7329",36.3024669718065,36.3024669718065,36.3024669718065,36.3024669718065
"7330",55.7212167772466,55.7212167772466,55.7212167772466,55.7212167772466
"7331",24.502393076949,24.502393076949,24.502393076949,24.502393076949
"7332",309.241299682788,309.241299682788,309.241299682788,309.241299682788
"7333",81.3109066509141,81.3109066509141,81.3109066509141,81.3109066509141
"7334",28.4078754464983,28.4078754464983,28.4078754464983,28.4078754464983
"7335",200.932484543532,200.932484543532,200.932484543532,200.932484543532
"7336",164.000708851382,164.000708851382,164.000708851382,164.000708851382
"7337",625.178633324399,625.178633324399,625.178633324399,625.178633324399
"7338",9.75412992965197,9.75412992965197,9.75412992965197,9.75412992965197
"7339",11.8583764849426,11.8583764849426,11.8583764849426,11.8583764849426
"7340",4.2844526514094,4.2844526514094,4.2844526514094,4.2844526514094
"7341",6.6541157333481,6.6541157333481,6.6541157333481,6.6541157333481
"7342",7.10928752145835,7.10928752145835,7.10928752145835,7.10928752145835
"7343",6.07804728988034,6.07804728988034,6.07804728988034,6.07804728988034
"7344",9.2240019172804,9.2240019172804,9.2240019172804,9.2240019172804
"7345",8.34141544829311,8.34141544829311,8.34141544829311,8.34141544829311
"7346",3.56068425225391,3.22385063029103,2.91189417206265,2.6229775512595
"7347",6.56306201904536,6.56306201904536,6.56306201904536,6.56306201904536
"7348",20.6596894908942,20.6596894908942,20.6596894908942,20.6596894908942
"7349",19.7205866186973,19.5280576782229,19.337317653941,19.1483499238251
"7350",7.42048817913371,7.42048817913371,7.42048817913371,7.42048817913371
"7351",60.0026222286635,60.0026222286635,60.0026222286635,60.0026222286635
"7352",31.210601384717,31.210601384717,31.210601384717,31.210601384717
"7353",33.8233682016128,33.8233682016128,33.8233682016128,33.8233682016128
"7354",9.88912384000565,9.88912384000565,9.88912384000565,9.88912384000565
"7355",12.3579891738491,12.3579891738491,12.3579891738491,12.3579891738491
"7356",7.38486081138804,7.38486081138804,7.38486081138804,7.38486081138804
"7357",3.92335084665088,3.92335084665088,3.92335084665088,3.92335084665088
"7358",4.77918994733322,4.77918994733322,4.77918994733322,4.77918994733322
"7359",8.49445271706044,8.49445271706044,8.49445271706044,8.49445271706044
"7360",2.121061486421,2.08126724212767,2.04198038350611,2.0031944412735
"7361",6.49611177196278,6.49611177196278,6.49611177196278,6.49611177196278
"7362",7.56949640026815,7.56949640026815,7.56949640026815,7.56949640026815
"7363",13.0226457415826,13.0226457415826,13.0226457415826,13.0226457415826
"7364",12.0150438304745,12.0150438304745,12.0150438304745,12.0150438304745
"7365",13.6451177310714,13.6451177310714,13.6451177310714,13.6451177310714
"7366",7.57089140565794,7.57089140565794,7.57089140565794,7.57089140565794
"7367",20.0693346162475,20.3506993278201,20.6358214480797,20.9247511543211
"7368",11.7160618335077,11.7160618335077,11.7160618335077,11.7160618335077
"7369",27.9576257620625,27.9576257620625,27.9576257620625,27.9576257620625
"7370",5.60684963356893,5.6858585703226,5.76581234651309,5.84672226113515
"7371",46.675688454879,46.675688454879,46.675688454879,46.675688454879
"7372",36.8217432992819,36.8217432992819,36.8217432992819,36.8217432992819
"7373",30.7033599706781,30.7033599706781,30.7033599706781,30.7033599706781
"7374",39.8742898858298,39.8742898858298,39.8742898858298,39.8742898858298
"7375",26.9290416021698,26.9290416021698,26.9290416021698,26.9290416021698
"7376",16.7221303941566,16.6761863984951,16.6329240903475,16.5921811878001
"7377",33.0561698109434,33.0561698109434,33.0561698109434,33.0561698109434
"7378",9.99544609981521,9.99544609981521,9.99544609981521,9.99544609981521
"7379",10.15467725435,10.15467725435,10.15467725435,10.15467725435
"7380",22.4841086309636,22.4841086309636,22.4841086309636,22.4841086309636
"7381",17.0385669304478,17.1909926360108,17.3447063372226,17.4997189176332
"7382",4.24399443246303,4.24399443246303,4.24399443246303,4.24399443246303
"7383",7.04711971143346,7.04711971143346,7.04711971143346,7.04711971143346
"7384",11.8077377955523,11.7065393262914,11.6086204429757,11.5138564539492
"7385",6.75638150823411,6.75622598041125,6.75609844034636,6.75599385120428
"7386",10.9508645820305,10.9508645820305,10.9508645820305,10.9508645820305
"7387",6.85129768507068,6.85129768507068,6.85129768507068,6.85129768507068
"7388",7.60401007642207,7.60401007642207,7.60401007642207,7.60401007642207
"7389",3.01665664175845,3.01665664175845,3.01665664175845,3.01665664175845
"7390",8.85076793256423,8.85076793256423,8.85076793256423,8.85076793256423
"7391",28.4952462116195,28.4952462116195,28.4952462116195,28.4952462116195
"7392",22.2706292468413,22.2706292468413,22.2706292468413,22.2706292468413
"7393",22.3613738129733,22.3613738129733,22.3613738129733,22.3613738129733
"7394",10.1341457559628,10.1341457559628,10.1341457559628,10.1341457559628
"7395",13.0618646455563,13.1869005286464,13.3130482110927,13.4403175788397
"7396",21.8496850955794,22.0630109063642,22.2783283376617,22.4956559833414
"7397",20.4433053854741,20.4424028422118,20.4416614137204,20.4410523349183
"7398",12.1877803441917,12.1903832590897,12.1926661545855,12.194668330309
"7399",10.6605003218821,10.6605003218821,10.6605003218821,10.6605003218821
"7400",5.93381531317059,5.93381531317059,5.93381531317059,5.93381531317059
"7401",5.30107820692036,5.30107820692036,5.30107820692036,5.30107820692036
"7402",6.92374512840478,6.92374512840478,6.92374512840478,6.92374512840478
"7403",9.77881411135755,9.77881411135755,9.77881411135755,9.77881411135755
"7404",14.8122351397803,14.8122351397803,14.8122351397803,14.8122351397803
"7405",53.9459353835421,53.9459353835421,53.9459353835421,53.9459353835421
"7406",9.53310992207189,9.53310992207189,9.53310992207189,9.53310992207189
"7407",104.47745803341,104.47745803341,104.47745803341,104.47745803341
"7408",5.9245091791006,5.9245091791006,5.9245091791006,5.9245091791006
"7409",35.8306082481764,35.8306082481764,35.8306082481764,35.8306082481764
"7410",11.8447929659672,11.8447929659672,11.8447929659672,11.8447929659672
"7411",3.04673294312163,3.01593012301939,2.98536176704898,2.95502609052221
"7412",6.4244973880505,6.4244973880505,6.4244973880505,6.4244973880505
"7413",10.954334334933,10.954334334933,10.954334334933,10.954334334933
"7414",13.3246454729692,13.3316227820995,13.3378973954372,13.3435398187641
"7415",8.86378280948856,8.86378280948856,8.86378280948856,8.86378280948856
"7416",5.93638091929203,5.93638091929203,5.93638091929203,5.93638091929203
"7417",5.28458069790749,5.28458069790749,5.28458069790749,5.28458069790749
"7418",28.7935239909609,28.7935239909609,28.7935239909609,28.7935239909609
"7419",34.5643725726325,34.5643725726325,34.5643725726325,34.5643725726325
"7420",36.0013533563628,36.0013533563628,36.0013533563628,36.0013533563628
"7421",38.2653177418434,38.2653177418434,38.2653177418434,38.2653177418434
"7422",7.56963965837865,7.56963965837865,7.56963965837865,7.56963965837865
"7423",10.3730748303224,10.3730748303224,10.3730748303224,10.3730748303224
"7424",9.84609895198061,9.84609895198061,9.84609895198061,9.84609895198061
"7425",11.832324854378,11.832324854378,11.832324854378,11.832324854378
"7426",11.9456236011816,11.9456236011816,11.9456236011816,11.9456236011816
"7427",7.83598821790876,7.83598821790876,7.83598821790876,7.83598821790876
"7428",6.32148746324647,6.32148746324647,6.32148746324647,6.32148746324647
"7429",7.17317357219141,7.17317357219141,7.17317357219141,7.17317357219141
"7430",7.90742317383742,7.90742317383742,7.90742317383742,7.90742317383742
"7431",5.48372258897296,5.48372258897296,5.48372258897296,5.48372258897296
"7432",10.7007600747912,10.8447391478588,10.9904898984369,11.1380341272022
"7433",11.8233863485448,11.8233863485448,11.8233863485448,11.8233863485448
"7434",12.4313189439021,12.4313189439021,12.4313189439021,12.4313189439021
"7435",7.91957091383093,7.91957091383093,7.91957091383093,7.91957091383093
"7436",10.8736923217849,10.9714288595371,11.0699699011077,11.1693220686507
"7437",5.73605840230064,5.73605840230064,5.73605840230064,5.73605840230064
"7438",4.34366802914784,4.34366802914784,4.34366802914784,4.34366802914784
"7439",4.06759008573131,4.06759008573131,4.06759008573131,4.06759008573131
"7440",6.05735844073197,6.05735844073197,6.05735844073197,6.05735844073197
"7441",10.5782978873889,10.7152684926149,10.8538594523073,10.9940899351673
"7442",6.00006790030474,6.00006790030474,6.00006790030474,6.00006790030474
"7443",11.6428864839361,11.6428864839361,11.6428864839361,11.6428864839361
"7444",7.91871403237627,7.91871403237627,7.91871403237627,7.91871403237627
"7445",9.30206634390938,9.30206634390938,9.30206634390938,9.30206634390938
"7446",9.19120296569938,9.09677979794087,9.0032314763256,8.9105498952605
"7447",5.44410212242197,5.44410212242197,5.44410212242197,5.44410212242197
"7448",38.6609218158204,38.6609218158204,38.6609218158204,38.6609218158204
"7449",15.2879307159598,15.2879307159598,15.2879307159598,15.2879307159598
"7450",18.9254921831146,18.9254921831146,18.9254921831146,18.9254921831146
"7451",15.1241331420517,15.1241331420517,15.1241331420517,15.1241331420517
"7452",11.4831260307173,11.4831260307173,11.4831260307173,11.4831260307173
"7453",5.10309878686205,5.10309878686205,5.10309878686205,5.10309878686205
"7454",6.34720391493777,6.34720391493777,6.34720391493777,6.34720391493777
"7455",4.56592460406045,4.56592460406045,4.56592460406045,4.56592460406045
"7456",12.3615193675681,12.5466340198644,12.7343133082287,12.9245927639282
"7457",2.82909277470808,2.82909277470808,2.82909277470808,2.82909277470808
"7458",8.76501870291649,8.76501870291649,8.76501870291649,8.76501870291649
"7459",15.3516385243263,15.3516385243263,15.3516385243263,15.3516385243263
"7460",16.2757000087733,16.2757000087733,16.2757000087733,16.2757000087733
"7461",5.43526091676831,5.43526091676831,5.43526091676831,5.43526091676831
"7462",13.981195370886,13.981195370886,13.981195370886,13.981195370886
"7463",10.3422302599232,10.3422302599232,10.3422302599232,10.3422302599232
"7464",25.0478798159185,25.3363566155663,25.6280282573481,25.9229301237148
"7465",10.8651669198732,11.0295494336075,11.1962093372011,11.3651781820912
"7466",54.3848089048704,54.3848089048704,54.3848089048704,54.3848089048704
"7467",62.8722556366045,62.8722556366045,62.8722556366045,62.8722556366045
"7468",63.6673397725514,63.6673397725514,63.6673397725514,63.6673397725514
"7469",23.8604605909946,23.8604605909946,23.8604605909946,23.8604605909946
"7470",49.2005800928416,49.2005800928416,49.2005800928416,49.2005800928416
"7471",109.678926552577,109.678926552577,109.678926552577,109.678926552577
"7472",86.799457264639,86.799457264639,86.799457264639,86.799457264639
"7473",72.3949001780596,72.3949001780596,72.3949001780596,72.3949001780596
"7474",121.793673353416,121.793673353416,121.793673353416,121.793673353416
"7475",41.9286190871185,41.9286190871185,41.9286190871185,41.9286190871185
"7476",96.8725727653909,96.8725727653909,96.8725727653909,96.8725727653909
"7477",55.5219020335764,55.5219020335764,55.5219020335764,55.5219020335764
"7478",89.0997537429473,89.0997537429473,89.0997537429473,89.0997537429473
"7479",52.4616746777126,52.4616746777126,52.4616746777126,52.4616746777126
"7480",39.3165140247835,39.3165140247835,39.3165140247835,39.3165140247835
"7481",58.1762346597304,58.1762346597304,58.1762346597304,58.1762346597304
"7482",13.6397579571073,13.6397579571073,13.6397579571073,13.6397579571073
"7483",10.0153876949295,10.0153876949295,10.0153876949295,10.0153876949295
"7484",24.7902456767948,24.7902456767948,24.7902456767948,24.7902456767948
"7485",19.8936478184626,19.8936478184626,19.8936478184626,19.8936478184626
"7486",30.6765011219492,30.6765011219492,30.6765011219492,30.6765011219492
"7487",3.53493762657003,3.53493762657003,3.53493762657003,3.53493762657003
"7488",10.7584087995777,10.7584087995777,10.7584087995777,10.7584087995777
"7489",9.96228946851055,10.3217252256911,10.6929463005201,11.0763391145187
"7490",19.1492090089502,19.1492090089502,19.1492090089502,19.1492090089502
"7491",26.2125350744396,26.2125350744396,26.2125350744396,26.2125350744396
"7492",23.8593513098467,23.8593513098467,23.8593513098467,23.8593513098467
"7493",13.6067153794936,13.6067153794936,13.6067153794936,13.6067153794936
"7494",14.022377695033,14.022377695033,14.022377695033,14.022377695033
"7495",7.64010530534895,7.64010530534895,7.64010530534895,7.64010530534895
"7496",9.0680402009595,9.0680402009595,9.0680402009595,9.0680402009595
"7497",13.2271835101525,13.2271835101525,13.2271835101525,13.2271835101525
"7498",9.30076424748389,9.30076424748389,9.30076424748389,9.30076424748389
"7499",5.72274980290846,5.72274980290846,5.72274980290846,5.72274980290846
"7500",13.1322278675052,13.1322278675052,13.1322278675052,13.1322278675052
"7501",3.54066657027706,3.54066657027706,3.54066657027706,3.54066657027706
"7502",6.16254838034254,6.16254838034254,6.16254838034254,6.16254838034254
"7503",43.6544202635853,43.6544202635853,43.6544202635853,43.6544202635853
"7504",7.88516464358706,7.88516464358706,7.88516464358706,7.88516464358706
"7505",10.588320920936,10.5623301306949,10.5363976337287,10.5105232992947
"7506",24.1499079107114,24.1499079107114,24.1499079107114,24.1499079107114
"7507",6.47311420601906,6.47311420601906,6.47311420601906,6.47311420601906
"7508",12.6854171136551,12.6854171136551,12.6854171136551,12.6854171136551
"7509",4.74376336483798,4.74376336483798,4.74376336483798,4.74376336483798
"7510",6.30319534825141,6.30319534825141,6.30319534825141,6.30319534825141
"7511",46.5443869335079,46.5443869335079,46.5443869335079,46.5443869335079
"7512",11.9686523330662,11.9686523330662,11.9686523330662,11.9686523330662
"7513",41.4448421712613,41.4448421712613,41.4448421712613,41.4448421712613
"7514",6.09252652799596,6.09252652799596,6.09252652799596,6.09252652799596
"7515",14.1179441269658,13.9585194976549,13.8007760633674,13.6446960952447
"7516",12.0448023602893,12.0448023602893,12.0448023602893,12.0448023602893
"7517",24.0122076363412,24.0122076363412,24.0122076363412,24.0122076363412
"7518",6.74752922698611,6.74752922698611,6.74752922698611,6.74752922698611
"7519",12.5464710706179,12.5464710706179,12.5464710706179,12.5464710706179
"7520",4.76730251962437,4.76730251962437,4.76730251962437,4.76730251962437
"7521",7.73885776645477,7.64720405212142,7.55651160796498,7.46677035212068
"7522",3.24167705701474,3.24167705701474,3.24167705701474,3.24167705701474
"7523",8.9903007388037,8.9903007388037,8.9903007388037,8.9903007388037
"7524",7.84465830907059,7.84465830907059,7.84465830907059,7.84465830907059
"7525",4.70702850141444,4.70702850141444,4.70702850141444,4.70702850141444
"7526",5.94289922274454,5.94289922274454,5.94289922274454,5.94289922274454
"7527",8.72278841087553,8.72278841087553,8.72278841087553,8.72278841087553
"7528",6.67425500067211,6.67425500067211,6.67425500067211,6.67425500067211
"7529",4.56570700211768,4.56570700211768,4.56570700211768,4.56570700211768
"7530",3.99547470029992,3.99547470029992,3.99547470029992,3.99547470029992
"7531",16.3532986187829,16.1703907309142,15.9997239829738,15.8403852264764
"7532",7.97812699293942,7.97812699293942,7.97812699293942,7.97812699293942
"7533",3.8225506868415,3.8225506868415,3.8225506868415,3.8225506868415
"7534",5.81336087954761,5.30586896899007,4.83617749845537,4.40147090923964
"7535",15.0042603273372,14.5029283406121,14.0173005323853,13.5468849707059
"7536",19.7908386312717,19.7908386312717,19.7908386312717,19.7908386312717
"7537",6.05085725661252,6.05085725661252,6.05085725661252,6.05085725661252
"7538",4.4694111419375,4.4694111419375,4.4694111419375,4.4694111419375
"7539",13.5549300081879,13.5549300081879,13.5549300081879,13.5549300081879
"7540",77.5389654186091,77.5389654186091,77.5389654186091,77.5389654186091
"7541",21.9061623392914,21.9061623392914,21.9061623392914,21.9061623392914
"7542",9.9802367980018,9.9802367980018,9.9802367980018,9.9802367980018
"7543",4.29576419671879,4.29576419671879,4.29576419671879,4.29576419671879
"7544",198.259755754748,198.259755754748,198.259755754748,198.259755754748
"7545",6.83303343282801,6.71920839942344,6.60703740443714,6.49649641235595
"7546",13.8759697016249,13.8759697016249,13.8759697016249,13.8759697016249
"7547",16.3623602592361,16.3623602592361,16.3623602592361,16.3623602592361
"7548",49.6974212285853,49.6974212285853,49.6974212285853,49.6974212285853
"7549",32.2448563942899,32.2448563942899,32.2448563942899,32.2448563942899
"7550",32.2022653005768,31.9394846427854,31.678783773029,31.4201462307421
"7551",40.1917136267636,40.1917136267636,40.1917136267636,40.1917136267636
"7552",6.33922610171984,6.33922610171984,6.33922610171984,6.33922610171984
"7553",13.2412138475955,13.2412138475955,13.2412138475955,13.2412138475955
"7554",20.1221181856252,20.1245428393748,20.1267859235504,20.1288610177514
"7555",15.1327604476585,14.5248627131504,13.9398711425824,13.3769226099439
"7556",8.96100917159002,8.96100917159002,8.96100917159002,8.96100917159002
"7557",20.5166651459503,20.5166651459503,20.5166651459503,20.5166651459503
"7558",9.01074029444831,9.01074029444831,9.01074029444831,9.01074029444831
"7559",3.87098458112847,3.87098458112847,3.87098458112847,3.87098458112847
"7560",7.54462039776544,7.54462039776544,7.54462039776544,7.54462039776544
"7561",43.8841960027102,43.8841960027102,43.8841960027102,43.8841960027102
"7562",124.366830800221,124.366830800221,124.366830800221,124.366830800221
"7563",64.9858524656533,64.9858524656533,64.9858524656533,64.9858524656533
"7564",47.9702763903075,47.9702763903075,47.9702763903075,47.9702763903075
"7565",57.0941244331288,57.0941244331288,57.0941244331288,57.0941244331288
"7566",35.687660567744,35.687660567744,35.687660567744,35.687660567744
"7567",54.2258733861834,54.2258733861834,54.2258733861834,54.2258733861834
"7568",24.162215631446,24.162215631446,24.162215631446,24.162215631446
"7569",7.87666937776359,7.87666937776359,7.87666937776359,7.87666937776359
"7570",12.2484501782074,12.2484501782074,12.2484501782074,12.2484501782074
"7571",13.9619815922177,13.9619815922177,13.9619815922177,13.9619815922177
"7572",16.3099515644649,16.3099515644649,16.3099515644649,16.3099515644649
"7573",7.6042021979079,7.6042021979079,7.6042021979079,7.6042021979079
"7574",11.9397054757595,11.9397054757595,11.9397054757595,11.9397054757595
"7575",35.408052259677,35.408052259677,35.408052259677,35.408052259677
"7576",3.73202253924648,3.73202253924648,3.73202253924648,3.73202253924648
"7577",36.4644883965848,36.4644883965848,36.4644883965848,36.4644883965848
"7578",20.4849752762051,20.4849752762051,20.4849752762051,20.4849752762051
"7579",4.84472687436701,4.84472687436701,4.84472687436701,4.84472687436701
"7580",5.97660876989949,5.97660876989949,5.97660876989949,5.97660876989949
"7581",10.3611838591947,10.3611838591947,10.3611838591947,10.3611838591947
"7582",20.9013029106574,21.1034614739426,21.3074860488014,21.5133938593333
"7583",9.91472519961419,9.91472519961419,9.91472519961419,9.91472519961419
"7584",58.7763716051223,58.8424316079907,58.9024393975672,58.9569441437096
"7585",48.5345442600131,48.5345442600131,48.5345442600131,48.5345442600131
"7586",64.5133965840487,64.5133965840487,64.5133965840487,64.5133965840487
"7587",69.0957060423532,69.0957060423532,69.0957060423532,69.0957060423532
"7588",10.307572170912,10.307572170912,10.307572170912,10.307572170912
"7589",8.68897962528512,8.68897962528512,8.68897962528512,8.68897962528512
"7590",13.3718171243194,13.3718171243194,13.3718171243194,13.3718171243194
"7591",4.35496105507006,4.35496105507006,4.35496105507006,4.35496105507006
"7592",22.4729595239936,22.4729595239936,22.4729595239936,22.4729595239936
"7593",4.96241845241548,4.96241845241548,4.96241845241548,4.96241845241548
"7594",8.50742278557332,8.50742278557332,8.50742278557332,8.50742278557332
"7595",15.0062295101215,15.0062295101215,15.0062295101215,15.0062295101215
"7596",10.2434811762757,10.2434811762757,10.2434811762757,10.2434811762757
"7597",36.9593097049472,36.9593097049472,36.9593097049472,36.9593097049472
"7598",33.7098054560968,33.7098054560968,33.7098054560968,33.7098054560968
"7599",27.3578179435917,27.3578179435917,27.3578179435917,27.3578179435917
"7600",24.973429194515,24.973429194515,24.973429194515,24.973429194515
"7601",6.36878058205831,6.36878058205831,6.36878058205831,6.36878058205831
"7602",6.8767535895579,6.8767535895579,6.8767535895579,6.8767535895579
"7603",5.94399080766976,5.94399080766976,5.94399080766976,5.94399080766976
"7604",35.5837292882436,35.5837292882436,35.5837292882436,35.5837292882436
"7605",47.4432435696104,47.4432435696104,47.4432435696104,47.4432435696104
"7606",27.9308869858433,27.9308869858433,27.9308869858433,27.9308869858433
"7607",23.724561265193,23.724561265193,23.724561265193,23.724561265193
"7608",50.8509675945533,50.8509675945533,50.8509675945533,50.8509675945533
"7609",41.5527163146747,41.211654808674,40.873326922544,40.5377107462263
"7610",29.9731704190833,29.9731704190833,29.9731704190833,29.9731704190833
"7611",68.1520015415044,68.1520015415044,68.1520015415044,68.1520015415044
"7612",35.2735029348128,35.2735029348128,35.2735029348128,35.2735029348128
"7613",37.9837377075127,37.9837377075127,37.9837377075127,37.9837377075127
"7614",33.9707940798433,33.9707940798433,33.9707940798433,33.9707940798433
"7615",33.0269652966843,33.0269652966843,33.0269652966843,33.0269652966843
"7616",45.0744109051814,45.0744109051814,45.0744109051814,45.0744109051814
"7617",52.2064074575164,52.2064074575164,52.2064074575164,52.2064074575164
"7618",24.0187024519145,24.0187024519145,24.0187024519145,24.0187024519145
"7619",60.636740585238,60.636740585238,60.636740585238,60.636740585238
"7620",44.2751325748057,44.2751325748057,44.2751325748057,44.2751325748057
"7621",67.4226413977751,67.4226413977751,67.4226413977751,67.4226413977751
"7622",57.4802740183061,57.4802740183061,57.4802740183061,57.4802740183061
"7623",40.902619086827,40.9971443377751,41.0861181627984,41.1698554737829
"7624",45.8443000095472,46.0818206725948,46.320545667127,46.5604810996202
"7625",18.4220758442449,18.4220758442449,18.4220758442449,18.4220758442449
"7626",15.7752806636979,15.7752806636979,15.7752806636979,15.7752806636979
"7627",75.3329107108523,75.3329107108523,75.3329107108523,75.3329107108523
"7628",19.9038868611717,19.9038868611717,19.9038868611717,19.9038868611717
"7629",79.3721487210638,79.3721487210638,79.3721487210638,79.3721487210638
"7630",61.3904315946324,61.3904315946324,61.3904315946324,61.3904315946324
"7631",32.9971928927547,32.9971928927547,32.9971928927547,32.9971928927547
"7632",80.5292611640274,80.5292611640274,80.5292611640274,80.5292611640274
"7633",22.3696411812388,22.3696411812388,22.3696411812388,22.3696411812388
"7634",46.4054410908215,46.4054410908215,46.4054410908215,46.4054410908215
"7635",23.6325743379094,23.6325743379094,23.6325743379094,23.6325743379094
"7636",77.5921323351486,77.5921323351486,77.5921323351486,77.5921323351486
"7637",2.02491006780244,2.02491006780244,2.02491006780244,2.02491006780244
"7638",15.2957572111216,15.2957572111216,15.2957572111216,15.2957572111216
"7639",3.2620238875626,3.2620238875626,3.2620238875626,3.2620238875626
"7640",3.3305777669007,3.3305777669007,3.3305777669007,3.3305777669007
"7641",3.65190041914362,3.65190041914362,3.65190041914362,3.65190041914362
"7642",10.4153101676276,10.4153101676276,10.4153101676276,10.4153101676276
"7643",26.216380852718,26.216380852718,26.216380852718,26.216380852718
"7644",45.1431367609723,45.1431367609723,45.1431367609723,45.1431367609723
"7645",413.480646555642,413.480646555642,413.480646555642,413.480646555642
"7646",460.532479463568,460.532479463568,460.532479463568,460.532479463568
"7647",22.0733189076684,22.0733189076684,22.0733189076684,22.0733189076684
"7648",268.012887175703,268.012887175703,268.012887175703,268.012887175703
"7649",197.983688740632,197.983688740632,197.983688740632,197.983688740632
"7650",455.170748967558,455.170748967558,455.170748967558,455.170748967558
"7651",23.808416862086,23.808416862086,23.808416862086,23.808416862086
"7652",58.3023578311734,58.6684734360741,59.0368493328259,59.4074994758168
"7653",46.5777997367323,46.5777997367323,46.5777997367323,46.5777997367323
"7654",394.674089780443,394.674089780443,394.674089780443,394.674089780443
"7655",54.4547253115698,54.4547253115698,54.4547253115698,54.4547253115698
"7656",54.9925443683548,54.9925443683548,54.9925443683548,54.9925443683548
"7657",306.140275769448,306.140275769448,306.140275769448,306.140275769448
"7658",531.361702442566,531.361702442566,531.361702442566,531.361702442566
"7659",29.8234916599334,29.8234916599334,29.8234916599334,29.8234916599334
"7660",9.24574312954828,9.24574312954828,9.24574312954828,9.24574312954828
"7661",33.3741766805969,33.3741766805969,33.3741766805969,33.3741766805969
"7662",56.6193940429483,56.6193940429483,56.6193940429483,56.6193940429483
"7663",25.6280927130582,25.6280927130582,25.6280927130582,25.6280927130582
"7664",11.099087425153,10.9139449601405,10.7316355792396,10.5521159300755
"7665",14.9323787069526,14.8247387150597,14.7178259446362,14.6116354825354
"7666",20.5663240303278,20.5663240303278,20.5663240303278,20.5663240303278
"7667",16.3637529077153,16.3637529077153,16.3637529077153,16.3637529077153
"7668",10.2160907970533,10.2160907970533,10.2160907970533,10.2160907970533
"7669",8.85523611698906,8.85523611698906,8.85523611698906,8.85523611698906
"7670",3.48937455569786,3.48937455569786,3.48937455569786,3.48937455569786
"7671",7.25428709586022,7.25428709586022,7.25428709586022,7.25428709586022
"7672",5.79926403462068,5.79926403462068,5.79926403462068,5.79926403462068
"7673",3.15148618346947,3.15148618346947,3.15148618346947,3.15148618346947
"7674",10.3379763177883,10.3401034284868,10.3419826516641,10.3436428412149
"7675",5.66335991951354,5.66335991951354,5.66335991951354,5.66335991951354
"7676",10.0661420207578,10.0661420207578,10.0661420207578,10.0661420207578
"7677",11.2327288838571,11.2327288838571,11.2327288838571,11.2327288838571
"7678",6.1754174182861,6.1754174182861,6.1754174182861,6.1754174182861
"7679",14.4669733055321,14.4669733055321,14.4669733055321,14.4669733055321
"7680",7.29623163496807,7.29623163496807,7.29623163496807,7.29623163496807
"7681",15.9179378344354,15.9295431145515,15.9399190521261,15.9491952294607
"7682",12.9600253979443,12.989958688112,13.0178366632517,13.0437966613158
"7683",15.4548490386915,15.4722265232416,15.4879461182914,15.5021646180082
"7684",14.0425008518508,14.061698137798,14.0792093285483,14.0951807824255
"7685",20.3957323396856,20.7954173568061,21.2025687279814,21.6173259291501
"7686",7.77043834264866,7.77043834264866,7.77043834264866,7.77043834264866
"7687",2.92605751001589,2.92605751001589,2.92605751001589,2.92605751001589
"7688",11.9350642015942,11.9350642015942,11.9350642015942,11.9350642015942
"7689",15.0792877269158,15.3111544685954,15.5463647779013,15.7849668697882
"7690",4.57986505218586,4.57986505218586,4.57986505218586,4.57986505218586
"7691",13.3238099308009,13.3238099308009,13.3238099308009,13.3238099308009
"7692",2.62829769928984,2.62696064124504,2.62576757533414,2.62470295470224
"7693",9.79572941169755,9.79572941169755,9.79572941169755,9.79572941169755
"7694",22.4258604299009,22.4258604299009,22.4258604299009,22.4258604299009
"7695",9.13403418940368,9.13403418940368,9.13403418940368,9.13403418940368
"7696",17.5196847973818,17.9444470478301,18.37895152507,18.8234216740587
"7697",11.8999924741732,12.0881168483473,12.278984695452,12.4726360243579
"7698",9.02856346082451,9.03882041382286,9.04816398937397,9.05667477605015
"7699",7.23120334163309,7.23120334163309,7.23120334163309,7.23120334163309
"7700",7.79840904633781,7.79840904633781,7.79840904633781,7.79840904633781
"7701",5.13868790079705,5.13868790079705,5.13868790079705,5.13868790079705
"7702",7.70361360309428,7.70361360309428,7.70361360309428,7.70361360309428
"7703",59.6924000950523,59.4682965593845,59.2450205143848,59.0225689045867
"7704",121.869265642354,121.614700243326,121.371870119161,121.140213533539
"7705",42.0595574184103,42.0595574184103,42.0595574184103,42.0595574184103
"7706",3.93714807585992,3.93714807585992,3.93714807585992,3.93714807585992
"7707",23.333254090656,23.333254090656,23.333254090656,23.333254090656
"7708",52.7707375991054,52.7707375991054,52.7707375991054,52.7707375991054
"7709",21.5982216977844,21.5982216977844,21.5982216977844,21.5982216977844
"7710",19.0740892656463,19.0744586042229,19.0747540897926,19.0749904892331
"7711",7.92245725015874,7.92245725015874,7.92245725015874,7.92245725015874
"7712",5.93486757946427,5.93486757946427,5.93486757946427,5.93486757946427
"7713",3.20630973695224,3.20630973695224,3.20630973695224,3.20630973695224
"7714",4.3457786964783,4.3457786964783,4.3457786964783,4.3457786964783
"7715",9.26794045705342,9.26794045705342,9.26794045705342,9.26794045705342
"7716",1.50280899436429,1.50280899436429,1.50280899436429,1.50280899436429
"7717",9.3112205328196,9.30998568027242,9.30895876244324,9.30810474979389
"7718",4.56910307678832,4.56910307678832,4.56910307678832,4.56910307678832
"7719",14.7570822363009,14.7570822363009,14.7570822363009,14.7570822363009
"7720",12.7657080894639,12.7657080894639,12.7657080894639,12.7657080894639
"7721",11.596424966054,11.5983499627972,11.6000119164605,11.6014467428883
"7722",19.3793639886341,19.3965832076952,19.4120470034741,19.4259331913428
"7723",18.8782942507508,18.9650683300078,19.0477693930879,19.1265715677537
"7724",5.04285925951256,4.60975763893672,4.20769712087376,3.83445293866514
"7725",6.38683376928036,6.38683376928036,6.38683376928036,6.38683376928036
"7726",5.72113948820208,5.72113948820208,5.72113948820208,5.72113948820208
"7727",35.7922838216113,35.7922838216113,35.7922838216113,35.7922838216113
"7728",12.5136187769431,12.5136187769431,12.5136187769431,12.5136187769431
"7729",10.9736515279936,10.9736515279936,10.9736515279936,10.9736515279936
"7730",15.9985785793795,15.9985785793795,15.9985785793795,15.9985785793795
"7731",10.9702224078997,10.9702224078997,10.9702224078997,10.9702224078997
"7732",4.34231965739925,4.27607462338711,4.21065103114795,4.14603869476225
"7733",16.0486516634416,16.0486516634416,16.0486516634416,16.0486516634416
"7734",26.5141086693232,26.5141086693232,26.5141086693232,26.5141086693232
"7735",6.55891162296711,6.55891162296711,6.55891162296711,6.55891162296711
"7736",5.12069711613462,5.12069711613462,5.12069711613462,5.12069711613462
"7737",6.974673634756,6.974673634756,6.974673634756,6.974673634756
"7738",2.99202190158967,2.99202190158967,2.99202190158967,2.99202190158967
"7739",4.37811215232431,4.31560092724687,4.25381628673108,4.19274978549171
"7740",7.43904192453026,7.43904192453026,7.43904192453026,7.43904192453026
"7741",11.9136389758834,11.9136389758834,11.9136389758834,11.9136389758834
"7742",7.29007646119637,7.29007646119637,7.29007646119637,7.29007646119637
"7743",14.3069600125805,14.3069600125805,14.3069600125805,14.3069600125805
"7744",46.9318529380946,46.9318529380946,46.9318529380946,46.9318529380946
"7745",25.0544147558348,25.0544147558348,25.0544147558348,25.0544147558348
"7746",12.9542695637051,12.9542695637051,12.9542695637051,12.9542695637051
"7747",131.323298073604,130.914872593698,130.50770774873,130.101799647658
"7748",32.2863294994036,32.2863294994036,32.2863294994036,32.2863294994036
"7749",27.8629006351127,27.8629006351127,27.8629006351127,27.8629006351127
"7750",102.381782079521,102.381782079521,102.381782079521,102.381782079521
"7751",11.3775524142065,11.3775524142065,11.3775524142065,11.3775524142065
"7752",9.21585665336378,9.21585665336378,9.21585665336378,9.21585665336378
"7753",9.39107186311317,9.49063869926199,9.59115958086361,9.6926436495435
"7754",8.68323291574999,8.68323291574999,8.68323291574999,8.68323291574999
"7755",9.64845180149501,9.64845180149501,9.64845180149501,9.64845180149501
"7756",11.7950614289012,11.7950614289012,11.7950614289012,11.7950614289012
"7757",18.7786226615833,18.7786226615833,18.7786226615833,18.7786226615833
"7758",10.0489692858239,10.0489692858239,10.0489692858239,10.0489692858239
"7759",5.9372662105299,5.9372662105299,5.9372662105299,5.9372662105299
"7760",4.95182295096231,4.95182295096231,4.95182295096231,4.95182295096231
"7761",12.4416803902651,12.4416803902651,12.4416803902651,12.4416803902651
"7762",21.5867658006508,21.5867658006508,21.5867658006508,21.5867658006508
"7763",14.7942266214505,14.7942266214505,14.7942266214505,14.7942266214505
"7764",10.9077417483927,10.9077417483927,10.9077417483927,10.9077417483927
"7765",40.4781247229051,41.3289115855368,42.1971495332997,43.0831965176218
"7766",18.3061673935051,18.3061673935051,18.3061673935051,18.3061673935051
"7767",23.2637099933579,23.2637099933579,23.2637099933579,23.2637099933579
"7768",6.96393879560896,6.96393879560896,6.96393879560896,6.96393879560896
"7769",13.0715253273836,13.0715253273836,13.0715253273836,13.0715253273836
"7770",26.9055741273206,26.9055741273206,26.9055741273206,26.9055741273206
"7771",2.84126792494978,2.84126792494978,2.84126792494978,2.84126792494978
"7772",4.16808513912007,4.16808513912007,4.16808513912007,4.16808513912007
"7773",22.9163701672943,22.9163701672943,22.9163701672943,22.9163701672943
"7774",11.9595223210866,11.9595223210866,11.9595223210866,11.9595223210866
"7775",18.8972382920142,18.8972382920142,18.8972382920142,18.8972382920142
"7776",7.34868563445393,7.34868563445393,7.34868563445393,7.34868563445393
"7777",9.89244880214271,9.89244880214271,9.89244880214271,9.89244880214271
"7778",6.69948168932395,6.69948168932395,6.69948168932395,6.69948168932395
"7779",20.2383647886166,20.2383647886166,20.2383647886166,20.2383647886166
"7780",11.0991246919313,11.0991246919313,11.0991246919313,11.0991246919313
"7781",23.9977082935003,23.9977082935003,23.9977082935003,23.9977082935003
"7782",41.7466645695344,41.7466645695344,41.7466645695344,41.7466645695344
"7783",33.2112238528452,33.573423055771,33.9394569143397,34.3093660266084
"7784",7.97922530240607,7.97922530240607,7.97922530240607,7.97922530240607
"7785",28.4555625093983,28.4555625093983,28.4555625093983,28.4555625093983
"7786",9.20839146044356,9.20839146044356,9.20839146044356,9.20839146044356
"7787",10.3080419262064,10.3080419262064,10.3080419262064,10.3080419262064
"7788",11.2715143457177,11.4377466217706,11.6062307119699,11.77699711982
"7789",11.4228338056871,11.4228338056871,11.4228338056871,11.4228338056871
"7790",9.69108990436822,9.69108990436822,9.69108990436822,9.69108990436822
"7791",16.5100536207839,16.5100536207839,16.5100536207839,16.5100536207839
"7792",6.22588928988889,6.22588928988889,6.22588928988889,6.22588928988889
"7793",11.0105940360198,11.0105940360198,11.0105940360198,11.0105940360198
"7794",20.3814805113541,20.3814805113541,20.3814805113541,20.3814805113541
"7795",18.5305987405548,18.5305987405548,18.5305987405548,18.5305987405548
"7796",10.5389334591443,10.5389334591443,10.5389334591443,10.5389334591443
"7797",13.5368817593659,13.5368817593659,13.5368817593659,13.5368817593659
"7798",9.76026963295198,9.76026963295198,9.76026963295198,9.76026963295198
"7799",13.8949083953056,13.8949083953056,13.8949083953056,13.8949083953056
"7800",10.6862314825657,10.6862314825657,10.6862314825657,10.6862314825657
"7801",10.99366144435,10.99366144435,10.99366144435,10.99366144435
"7802",6.16586910601146,6.16586910601146,6.16586910601146,6.16586910601146
"7803",13.589345824822,13.5928775665379,13.5960312841539,13.598847370742
"7804",14.3037298969817,14.3037298969817,14.3037298969817,14.3037298969817
"7805",6.30099246904772,6.30099246904772,6.30099246904772,6.30099246904772
"7806",9.76279228756041,9.76279228756041,9.76279228756041,9.76279228756041
"7807",19.2378387396214,19.2378387396214,19.2378387396214,19.2378387396214
"7808",9.57668504249783,9.57668504249783,9.57668504249783,9.57668504249783
"7809",24.7582017008126,25.5170461004552,26.29824628524,27.1024608633472
"7810",61.8748190452641,63.7253472671961,65.6303401341508,67.5914006465701
"7811",104.990554204507,107.489325878581,110.047007140647,112.664986808895
"7812",54.3442880857279,54.3442880857279,54.3442880857279,54.3442880857279
"7813",45.1101098959817,45.2200049188405,45.3220407415402,45.4167634242268
"7814",25.5526392900976,25.5688954099611,25.5834127252274,25.5963764168249
"7815",49.6032395098244,49.6536194277199,49.6987320923876,49.7391241854834
"7816",222.221713293773,222.704535975245,223.151524380978,223.565272591163
"7817",32.4555873837787,32.4555873837787,32.4555873837787,32.4555873837787
"7818",48.7075567690032,48.7075567690032,48.7075567690032,48.7075567690032
"7819",68.2306169842753,68.2306169842753,68.2306169842753,68.2306169842753
"7820",48.7061475874961,48.7090054598771,48.7114816061668,48.7136269981493
"7821",100.906432963518,101.113024444803,101.304561774615,101.48211608591
"7822",55.0957253825007,55.0957253825007,55.0957253825007,55.0957253825007
"7823",40.2905697985144,40.2905697985144,40.2905697985144,40.2905697985144
"7824",101.773437929514,102.094481737024,102.39533881805,102.677222613145
"7825",178.619067092514,183.86297142708,189.259969378683,194.81453045212
"7826",108.56958252326,111.527540215784,114.565351399663,117.685171812316
"7827",83.5007090640955,83.5007090640955,83.5007090640955,83.5007090640955
"7828",31.4963576539107,31.4963576539107,31.4963576539107,31.4963576539107
"7829",54.6010851667722,54.6010851667722,54.6010851667722,54.6010851667722
"7830",72.2012301678465,72.2184820721923,72.2336429768124,72.2469659612205
"7831",38.8119480086747,38.8119480086747,38.8119480086747,38.8119480086747
"7832",46.96342917371,46.96342917371,46.96342917371,46.96342917371
"7833",54.7770929661271,54.7770929661271,54.7770929661271,54.7770929661271
"7834",14.7424284573994,14.7424284573994,14.7424284573994,14.7424284573994
"7835",20.8884291903512,20.8884291903512,20.8884291903512,20.8884291903512
"7836",11.2638327674818,11.2638327674818,11.2638327674818,11.2638327674818
"7837",18.6442621129741,18.6442621129741,18.6442621129741,18.6442621129741
"7838",77.9033577625424,78.1477495403524,78.3764384933242,78.5903906928395
"7839",66.301621987547,66.3662176239589,66.4248284693643,66.4780044691862
"7840",70.9442996096473,70.9905087784452,71.0322138918468,71.0698517119733
"7841",63.5857961511134,63.5857961511134,63.5857961511134,63.5857961511134
"7842",101.731140639334,101.731140639334,101.731140639334,101.731140639334
"7843",49.1820749738403,49.1820749738403,49.1820749738403,49.1820749738403
"7844",74.2335604805808,74.27036688664,74.3032044014181,74.3324995294961
"7845",65.4762591191885,65.4762591191885,65.4762591191885,65.4762591191885
"7846",90.4614937561079,90.5123041721936,90.5582122289238,90.5996887970842
"7847",72.020171714926,72.020171714926,72.020171714926,72.020171714926
"7848",52.6469889956497,52.6469889956497,52.6469889956497,52.6469889956497
"7849",41.5579374038386,41.5579374038386,41.5579374038386,41.5579374038386
"7850",64.9357102973423,64.9357102973423,64.9357102973423,64.9357102973423
"7851",47.5167816680156,47.5167816680156,47.5167816680156,47.5167816680156
"7852",13.6802128565652,13.6802128565652,13.6802128565652,13.6802128565652
"7853",9.75151936665765,9.75151936665765,9.75151936665765,9.75151936665765
"7854",6.44334663940498,6.44334663940498,6.44334663940498,6.44334663940498
"7855",5.72804396198613,5.72804396198613,5.72804396198613,5.72804396198613
"7856",24.9522067845774,24.9522067845774,24.9522067845774,24.9522067845774
"7857",36.7258391605674,36.7258391605674,36.7258391605674,36.7258391605674
"7858",26.1878874422725,26.1878874422725,26.1878874422725,26.1878874422725
"7859",5.14506523997209,5.14506523997209,5.14506523997209,5.14506523997209
"7860",7.54145943462876,7.54145943462876,7.54145943462876,7.54145943462876
"7861",25.4751677380682,25.4751677380682,25.4751677380682,25.4751677380682
"7862",75.77447529189,75.77447529189,75.77447529189,75.77447529189
"7863",67.4887037552466,67.4887037552466,67.4887037552466,67.4887037552466
"7864",41.5293092743894,41.5293092743894,41.5293092743894,41.5293092743894
"7865",41.9135219590067,41.9135219590067,41.9135219590067,41.9135219590067
"7866",18.9129655992156,18.9129655992156,18.9129655992156,18.9129655992156
"7867",19.1848142563126,19.1848142563126,19.1848142563126,19.1848142563126
"7868",5.62327701484774,5.62327701484774,5.62327701484774,5.62327701484774
"7869",16.2822739119968,16.2822739119968,16.2822739119968,16.2822739119968
"7870",19.376575383886,19.376575383886,19.376575383886,19.376575383886
"7871",22.5180757928622,22.5180757928622,22.5180757928622,22.5180757928622
"7872",7.06529073256879,7.06529073256879,7.06529073256879,7.06529073256879
"7873",6.81893520756062,6.97034502945386,7.12468682783203,7.28201737897291
"7874",5.63377048692595,5.63377048692595,5.63377048692595,5.63377048692595
"7875",12.2350408728719,12.2350408728719,12.2350408728719,12.2350408728719
"7876",44.259555165146,44.259555165146,44.259555165146,44.259555165146
"7877",9.81933853068747,9.81933853068747,9.81933853068747,9.81933853068747
"7878",7.48816021320805,7.48816021320805,7.48816021320805,7.48816021320805
"7879",17.0288162214859,17.0288162214859,17.0288162214859,17.0288162214859
"7880",4.46968708980637,4.46968708980637,4.46968708980637,4.46968708980637
"7881",6.43405025274552,6.43405025274552,6.43405025274552,6.43405025274552
"7882",73.3757693897064,73.3757693897064,73.3757693897064,73.3757693897064
"7883",9.34854340397882,9.34854340397882,9.34854340397882,9.34854340397882
"7884",12.1945567165423,12.1945567165423,12.1945567165423,12.1945567165423
"7885",12.8840581122933,12.8840581122933,12.8840581122933,12.8840581122933
"7886",9.94135528463369,9.94135528463369,9.94135528463369,9.94135528463369
"7887",8.20924601897365,8.20924601897365,8.20924601897365,8.20924601897365
"7888",6.01456779318956,6.01456779318956,6.01456779318956,6.01456779318956
"7889",6.48516075082558,6.48516075082558,6.48516075082558,6.48516075082558
"7890",6.18042175158721,6.18042175158721,6.18042175158721,6.18042175158721
"7891",8.71960405644137,8.71960405644137,8.71960405644137,8.71960405644137
"7892",7.75729272177948,7.7107614831775,7.66663916452088,7.62479086204279
"7893",9.31939765128159,9.31939765128159,9.31939765128159,9.31939765128159
"7894",16.5245167098367,16.5245167098367,16.5245167098367,16.5245167098367
"7895",8.99667482424825,8.99667482424825,8.99667482424825,8.99667482424825
"7896",27.0550695370083,27.0550695370083,27.0550695370083,27.0550695370083
"7897",3.81125175741007,3.81125175741007,3.81125175741007,3.81125175741007
"7898",7.3879405134569,7.3879405134569,7.3879405134569,7.3879405134569
"7899",4.36677463957146,4.36677463957146,4.36677463957146,4.36677463957146
"7900",36.8682028269451,36.8682028269451,36.8682028269451,36.8682028269451
"7901",22.4681154825608,22.4681154825608,22.4681154825608,22.4681154825608
"7902",31.542842431074,31.542842431074,31.542842431074,31.542842431074
"7903",4.60475048027588,4.60475048027588,4.60475048027588,4.60475048027588
"7904",61.5250340672064,61.5250340672064,61.5250340672064,61.5250340672064
"7905",63.1978919291625,63.1978919291625,63.1978919291625,63.1978919291625
"7906",47.6049185899739,47.6049185899739,47.6049185899739,47.6049185899739
"7907",77.0071943683076,77.0071943683076,77.0071943683076,77.0071943683076
"7908",49.4025615987091,49.4025615987091,49.4025615987091,49.4025615987091
"7909",104.937405801171,104.937405801171,104.937405801171,104.937405801171
"7910",26.3821468459611,26.8509280559157,27.3277347805986,27.8127044164867
"7911",6.62197945145915,6.62197945145915,6.62197945145915,6.62197945145915
"7912",6.20923024627938,6.20923024627938,6.20923024627938,6.20923024627938
"7913",9.30866355767968,9.30866355767968,9.30866355767968,9.30866355767968
"7914",6.06112559406204,6.06112559406204,6.06112559406204,6.06112559406204
"7915",8.52746443218867,8.52746443218867,8.52746443218867,8.52746443218867
"7916",4.03893672229125,4.03893672229125,4.03893672229125,4.03893672229125
"7917",12.4218279757908,12.4218279757908,12.4218279757908,12.4218279757908
"7918",85.0183056743797,86.1371100378877,87.2704662249174,88.4185635049913
"7919",52.2744155493264,52.2744155493264,52.2744155493264,52.2744155493264
"7920",57.9290914176915,57.9290914176915,57.9290914176915,57.9290914176915
"7921",39.621928875709,39.621928875709,39.621928875709,39.621928875709
"7922",85.5353608298417,86.6117950214692,87.7016192372187,88.8050000388245
"7923",59.0856313105317,59.0856313105317,59.0856313105317,59.0856313105317
"7924",4.36565180907804,4.36565180907804,4.36565180907804,4.36565180907804
"7925",67.1492704863909,67.1492704863909,67.1492704863909,67.1492704863909
"7926",85.1369734563144,85.1385987704261,85.1400443788804,85.1413301486089
"7927",50.574472744219,50.574472744219,50.574472744219,50.574472744219
"7928",62.5555194001188,62.5555194001188,62.5555194001188,62.5555194001188
"7929",63.2229306744061,63.2215606113231,63.2204635593144,63.2195851123792
"7930",13.4330154517904,13.6972389116378,13.9662994782538,14.2402857039643
"7931",68.5525235180226,68.5525235180226,68.5525235180226,68.5525235180226
"7932",10.2765939082458,10.4453388597972,10.6166089407365,10.7904419375479
"7933",6.37095678358523,6.37095678358523,6.37095678358523,6.37095678358523
"7934",34.8195924373499,34.8692908188092,34.9153961734806,34.9581640649218
"7935",37.77918341164,37.77918341164,37.77918341164,37.77918341164
"7936",80.8267212150287,82.2256802089267,83.6485566498097,85.0957594447811
"7937",19.2063819323657,19.2063819323657,19.2063819323657,19.2063819323657
"7938",85.5897247016888,85.5897247016888,85.5897247016888,85.5897247016888
"7939",8.28514262580407,8.28514262580407,8.28514262580407,8.28514262580407
"7940",119.583307895689,119.583307895689,119.583307895689,119.583307895689
"7941",101.753591669518,101.753591669518,101.753591669518,101.753591669518
"7942",27.8000617634053,27.8000617634053,27.8000617634053,27.8000617634053
"7943",7.96938840928914,7.96938840928914,7.96938840928914,7.96938840928914
"7944",58.6664511300566,58.6664511300566,58.6664511300566,58.6664511300566
"7945",7.67418208443483,7.68306751312768,7.6912761611342,7.69885900179259
"7946",88.2128377972667,89.7316847172166,91.2763899779974,92.8473938173851
"7947",21.3598700412608,21.3598700412608,21.3598700412608,21.3598700412608
"7948",19.4476565709128,19.4476565709128,19.4476565709128,19.4476565709128
"7949",16.9621546699854,17.1638189142165,17.3677472781008,17.5739651813047
"7950",35.3912639931109,36.2134888293408,37.0542910274739,37.9140903247402
"7951",4.14230144478768,4.14230144478768,4.14230144478768,4.14230144478768
"7952",4.14678097164016,4.14678097164016,4.14678097164016,4.14678097164016
"7953",83.1161848573207,83.1161848573207,83.1161848573207,83.1161848573207
"7954",11.4456075140135,11.4456075140135,11.4456075140135,11.4456075140135
"7955",45.3240431512546,45.3240431512546,45.3240431512546,45.3240431512546
"7956",144.362949311653,144.362949311653,144.362949311653,144.362949311653
"7957",604.146315305635,606.377483995399,608.61687898283,610.86453059821
"7958",848.246395543566,850.64283434541,853.046035517942,855.456018143499
"7959",10.5947252627539,10.5947252627539,10.5947252627539,10.5947252627539
"7960",121.870312311532,119.096595824283,116.38549416243,113.73559383747
"7961",40.6982769246311,40.6982769246311,40.6982769246311,40.6982769246311
"7962",216.485100700489,216.485100700489,216.485100700489,216.485100700489
"7963",23.5968814946642,23.5968814946642,23.5968814946642,23.5968814946642
"7964",68.8766934932723,68.8766934932723,68.8766934932723,68.8766934932723
"7965",214.368991229333,214.368991229333,214.368991229333,214.368991229333
"7966",1524.39348910073,1524.39348910073,1524.39348910073,1524.39348910073
"7967",30.5051263966289,30.5051263966289,30.5051263966289,30.5051263966289
"7968",67.2767416200315,67.2767416200315,67.2767416200315,67.2767416200315
"7969",159.122822535701,159.122822535701,159.122822535701,159.122822535701
"7970",1748.66400589619,1748.66400589619,1748.66400589619,1748.66400589619
"7971",6.88306154731223,6.75311806031451,6.62531654692841,6.49962169910534
"7972",13.4030585746044,13.4030585746044,13.4030585746044,13.4030585746044
"7973",24.2902280823412,24.2909354779376,24.2915132962853,24.2919852705108
"7974",21.3747668496826,21.3747668496826,21.3747668496826,21.3747668496826
"7975",24.2259220808776,24.2259220808776,24.2259220808776,24.2259220808776
"7976",17.9572394169847,17.9572394169847,17.9572394169847,17.9572394169847
"7977",6.45890078459954,6.45890078459954,6.45890078459954,6.45890078459954
"7978",4.04673314427933,4.04673314427933,4.04673314427933,4.04673314427933
"7979",7.3788415597098,7.3788415597098,7.3788415597098,7.3788415597098
"7980",27.9136931643098,27.9136931643098,27.9136931643098,27.9136931643098
"7981",5.18500528636812,5.18500528636812,5.18500528636812,5.18500528636812
"7982",30.0937977309415,30.0937977309415,30.0937977309415,30.0937977309415
"7983",16.9110462985989,17.3016894877854,17.7008526762346,18.1087216866857
"7984",4.66024553750716,4.66024553750716,4.66024553750716,4.66024553750716
"7985",10.7703308141614,10.7703308141614,10.7703308141614,10.7703308141614
"7986",4.11155975279399,4.11155975279399,4.11155975279399,4.11155975279399
"7987",14.5342101584393,14.5342101584393,14.5342101584393,14.5342101584393
"7988",7.34272047514582,7.4142533979196,7.48639966487238,7.55916453499636
"7989",15.74724304565,16.0628672824832,16.3844398810023,16.7120729460542
"7990",13.4731598244724,13.4731598244724,13.4731598244724,13.4731598244724
"7991",16.5968833467138,16.5968833467138,16.5968833467138,16.5968833467138
"7992",13.8961612484146,13.8961612484146,13.8961612484146,13.8961612484146
"7993",41.7928492428136,41.7928492428136,41.7928492428136,41.7928492428136
"7994",14.5384827247175,14.5384827247175,14.5384827247175,14.5384827247175
"7995",32.6671759301606,32.6671759301606,32.6671759301606,32.6671759301606
"7996",9.83683801273115,9.83683801273115,9.83683801273115,9.83683801273115
"7997",11.6676011276775,11.6676011276775,11.6676011276775,11.6676011276775
"7998",10.4678341039526,10.6159777958982,10.7660352366183,10.9180311482886
"7999",10.4573418903907,10.5679233321866,10.6795720595174,10.7922983733741
"8000",11.9614188251707,12.1203918877969,12.2813147704992,12.4442113880106
"8001",11.6932883795022,11.6932883795022,11.6932883795022,11.6932883795022
"8002",9.8340716740291,9.8340716740291,9.8340716740291,9.8340716740291
"8003",3.86555498869524,3.86555498869524,3.86555498869524,3.86555498869524
"8004",5.41878458124457,5.41878458124457,5.41878458124457,5.41878458124457
"8005",34.5379233204766,34.5379233204766,34.5379233204766,34.5379233204766
"8006",8.2488807923163,8.2488807923163,8.2488807923163,8.2488807923163
"8007",14.4022738720547,14.4022738720547,14.4022738720547,14.4022738720547
"8008",28.6023715757935,28.447923281153,28.2942808096425,28.1414399569363
"8009",13.5600049024195,13.5600049024195,13.5600049024195,13.5600049024195
"8010",5.81122998390944,5.81122998390944,5.81122998390944,5.81122998390944
"8011",6.10518767678466,6.10518767678466,6.10518767678466,6.10518767678466
"8012",8.02265703608857,8.02265703608857,8.02265703608857,8.02265703608857
"8013",8.37345324608603,8.3769294745117,8.38000922220333,8.382737600631
"8014",6.77611739267664,6.77611739267664,6.77611739267664,6.77611739267664
"8015",7.02608097787928,7.02608097787928,7.02608097787928,7.02608097787928
"8016",4.42713595384009,4.42713595384009,4.42713595384009,4.42713595384009
"8017",15.7667822602594,15.7667822602594,15.7667822602594,15.7667822602594
"8018",15.2137315143936,15.2137315143936,15.2137315143936,15.2137315143936
"8019",13.8773050223458,13.8773050223458,13.8773050223458,13.8773050223458
"8020",12.4965851190562,12.4965851190562,12.4965851190562,12.4965851190562
"8021",18.4140423685833,18.4140423685833,18.4140423685833,18.4140423685833
"8022",15.3664440583327,15.3664440583327,15.3664440583327,15.3664440583327
"8023",11.3249320174632,11.3249320174632,11.3249320174632,11.3249320174632
"8024",18.8992211727726,18.8992211727726,18.8992211727726,18.8992211727726
"8025",7.41680146928854,7.41680146928854,7.41680146928854,7.41680146928854
"8026",20.9716853754876,20.9716853754876,20.9716853754876,20.9716853754876
"8027",10.0987472763757,10.0987472763757,10.0987472763757,10.0987472763757
"8028",8.9160638037583,8.9160638037583,8.9160638037583,8.9160638037583
"8029",18.2981546519876,18.2981546519876,18.2981546519876,18.2981546519876
"8030",8.26596139120309,8.26596139120309,8.26596139120309,8.26596139120309
"8031",4.90997201191953,4.90997201191953,4.90997201191953,4.90997201191953
"8032",21.7814642100368,21.7815918294146,21.7816939254318,21.781775602575
"8033",3.60868302157138,3.60868302157138,3.60868302157138,3.60868302157138
"8034",3.9863338687664,3.9863338687664,3.9863338687664,3.9863338687664
"8035",88.8779473703538,88.8779473703538,88.8779473703538,88.8779473703538
"8036",54.3693665418884,54.3693665418884,54.3693665418884,54.3693665418884
"8037",30.1587475275794,30.1587475275794,30.1587475275794,30.1587475275794
"8038",63.4491863773963,63.4491863773963,63.4491863773963,63.4491863773963
"8039",36.9926590776868,36.9926590776868,36.9926590776868,36.9926590776868
"8040",22.7054660102042,22.7054660102042,22.7054660102042,22.7054660102042
"8041",28.5987765473899,28.9810240913908,29.3682080956762,29.7603923111857
"8042",15.6888325686483,15.6888325686483,15.6888325686483,15.6888325686483
"8043",18.3313637068182,18.3313637068182,18.3313637068182,18.3313637068182
"8044",8.77888347820719,8.77888347820719,8.77888347820719,8.77888347820719
"8045",21.0364123751048,21.0364123751048,21.0364123751048,21.0364123751048
"8046",6.51681019794717,6.36002953638792,6.20651890229932,6.05621009160854
"8047",15.3805256077121,15.3805256077121,15.3805256077121,15.3805256077121
"8048",118.190607743236,118.564975029181,118.917999465711,119.250837189871
"8049",20.3514014460836,20.3514014460836,20.3514014460836,20.3514014460836
"8050",42.2544966343966,42.2613784629316,42.2673311520952,42.2724800449746
"8051",39.6323167448848,39.6323167448848,39.6323167448848,39.6323167448848
"8052",20.4177265456263,20.4177265456263,20.4177265456263,20.4177265456263
"8053",30.9605717226629,30.9605717226629,30.9605717226629,30.9605717226629
"8054",96.740201420404,98.2305356260488,99.7435943197983,101.279724002697
"8055",22.5470974745909,22.5470974745909,22.5470974745909,22.5470974745909
"8056",39.4358432161929,39.6299818881121,39.816174551612,39.9947084826964
"8057",29.9472718480884,29.9472718480884,29.9472718480884,29.9472718480884
"8058",82.9910496744342,83.0469975864884,83.0966316658789,83.1406613045384
"8059",36.3595968847863,36.3595968847863,36.3595968847863,36.3595968847863
"8060",36.408461346466,36.415435654825,36.4215419424528,36.4268881265437
"8061",24.3421512191159,24.3421512191159,24.3421512191159,24.3421512191159
"8062",31.1104791761264,31.1104791761264,31.1104791761264,31.1104791761264
"8063",11.3105945276433,11.3105945276433,11.3105945276433,11.3105945276433
"8064",41.7875959069489,42.3866568690254,42.9941051692703,43.6100582372041
"8065",35.3193422259146,35.3193422259146,35.3193422259146,35.3193422259146
"8066",32.9811726165963,32.9811726165963,32.9811726165963,32.9811726165963
"8067",24.8428939680367,24.8428939680367,24.8428939680367,24.8428939680367
"8068",26.4119052988777,26.4119052988777,26.4119052988777,26.4119052988777
"8069",8.32054946408657,8.32054946408657,8.32054946408657,8.32054946408657
"8070",6.02985941237339,6.02985941237339,6.02985941237339,6.02985941237339
"8071",24.3178785300392,24.3178785300392,24.3178785300392,24.3178785300392
"8072",28.4834987949912,28.4834987949912,28.4834987949912,28.4834987949912
"8073",53.748727234084,53.748727234084,53.748727234084,53.748727234084
"8074",31.2827997036836,31.2827997036836,31.2827997036836,31.2827997036836
"8075",35.0275734713611,35.0275734713611,35.0275734713611,35.0275734713611
"8076",42.7642539675892,42.7642539675892,42.7642539675892,42.7642539675892
"8077",44.2183983241577,44.2183983241577,44.2183983241577,44.2183983241577
"8078",19.9535127902637,19.9535127902637,19.9535127902637,19.9535127902637
"8079",23.9592986870743,23.9592986870743,23.9592986870743,23.9592986870743
"8080",19.7145098402143,19.7145098402143,19.7145098402143,19.7145098402143
"8081",19.8830599654056,19.8830599654056,19.8830599654056,19.8830599654056
"8082",22.8115727386412,22.8115727386412,22.8115727386412,22.8115727386412
"8083",10.2713011216508,10.2713011216508,10.2713011216508,10.2713011216508
"8084",6.24230881274184,6.100194142416,5.96086816559165,5.82427616018114
"8085",11.6443947724854,11.6443947724854,11.6443947724854,11.6443947724854
"8086",15.8987087581803,15.8987087581803,15.8987087581803,15.8987087581803
"8087",11.1210870845376,11.1210870845376,11.1210870845376,11.1210870845376
"8088",7.4620221063761,7.4620221063761,7.4620221063761,7.4620221063761
"8089",4.39547892376816,4.39547892376816,4.39547892376816,4.39547892376816
"8090",4.15627761166704,4.15627761166704,4.15627761166704,4.15627761166704
"8091",5.74049976227998,5.74049976227998,5.74049976227998,5.74049976227998
"8092",4.04485937412555,4.04485937412555,4.04485937412555,4.04485937412555
"8093",8.82039870982906,8.82039870982906,8.82039870982906,8.82039870982906
"8094",21.0264294328915,21.0264294328915,21.0264294328915,21.0264294328915
"8095",9.68565096352426,9.68565096352426,9.68565096352426,9.68565096352426
"8096",6.42221778571952,6.42221778571952,6.42221778571952,6.42221778571952
"8097",30.7599937169651,30.7599937169651,30.7599937169651,30.7599937169651
"8098",50.21160295446,50.21160295446,50.21160295446,50.21160295446
"8099",5.09430801244229,5.09430801244229,5.09430801244229,5.09430801244229
"8100",6.40903061056095,6.40903061056095,6.40903061056095,6.40903061056095
"8101",3.72025105850695,3.72025105850695,3.72025105850695,3.72025105850695
"8102",4.27434752021781,4.27434752021781,4.27434752021781,4.27434752021781
"8103",5.98418109026081,5.98418109026081,5.98418109026081,5.98418109026081
"8104",5.24706525301048,5.24706525301048,5.24706525301048,5.24706525301048
"8105",13.3072564336064,13.3072564336064,13.3072564336064,13.3072564336064
"8106",11.8328151204426,11.8328151204426,11.8328151204426,11.8328151204426
"8107",10.2074945609967,10.2074945609967,10.2074945609967,10.2074945609967
"8108",12.4577819010115,12.4577819010115,12.4577819010115,12.4577819010115
"8109",13.7286063280391,13.7286063280391,13.7286063280391,13.7286063280391
"8110",3.8805917542964,3.8805917542964,3.8805917542964,3.8805917542964
"8111",10.5337610335043,10.5337610335043,10.5337610335043,10.5337610335043
"8112",13.8639939367278,13.8639939367278,13.8639939367278,13.8639939367278
"8113",14.7358737118672,14.7358737118672,14.7358737118672,14.7358737118672
"8114",17.122741027314,17.122741027314,17.122741027314,17.122741027314
"8115",4.59595917857641,4.50855100520901,4.42250813643508,4.33780924636986
"8116",4.1901351520269,4.1901351520269,4.1901351520269,4.1901351520269
"8117",16.7324515476626,16.7324515476626,16.7324515476626,16.7324515476626
"8118",9.36396844086753,9.36396844086753,9.36396844086753,9.36396844086753
"8119",4.01513454986651,4.01513454986651,4.01513454986651,4.01513454986651
"8120",16.7823724901297,16.7823724901297,16.7823724901297,16.7823724901297
"8121",6.69159152074034,6.69159152074034,6.69159152074034,6.69159152074034
"8122",6.50217818064393,6.50217818064393,6.50217818064393,6.50217818064393
"8123",20.1884521856383,20.1884521856383,20.1884521856383,20.1884521856383
"8124",21.0997122614995,21.0997122614995,21.0997122614995,21.0997122614995
"8125",13.6914648133399,13.6914648133399,13.6914648133399,13.6914648133399
"8126",12.9605330962614,12.9605330962614,12.9605330962614,12.9605330962614
"8127",15.1000394436937,15.1000394436937,15.1000394436937,15.1000394436937
"8128",13.4218601508611,13.4218601508611,13.4218601508611,13.4218601508611
"8129",15.4836719853128,15.4836719853128,15.4836719853128,15.4836719853128
"8130",62.0778186008466,63.0549679538835,64.0472544958613,65.0549127195811
"8131",13.7620138323478,13.7620138323478,13.7620138323478,13.7620138323478
"8132",36.01518046096,36.01518046096,36.01518046096,36.01518046096
"8133",13.4807187015512,13.4807187015512,13.4807187015512,13.4807187015512
"8134",10.1055058091925,10.1055058091925,10.1055058091925,10.1055058091925
"8135",18.5441892818804,18.5441892818804,18.5441892818804,18.5441892818804
"8136",19.2781446252306,19.2781446252306,19.2781446252306,19.2781446252306
"8137",11.3906675619328,11.5110205066707,11.6325424627822,11.7552447851005
"8138",41.5859077658115,41.5859077658115,41.5859077658115,41.5859077658115
"8139",8.81662479334391,8.81662479334391,8.81662479334391,8.81662479334391
"8140",14.0534415400472,14.0534415400472,14.0534415400472,14.0534415400472
"8141",23.6033663701021,23.6033663701021,23.6033663701021,23.6033663701021
"8142",15.3357180908794,15.4689421685075,15.6032527398399,15.7386586656515
"8143",12.7674309378626,12.7674309378626,12.7674309378626,12.7674309378626
"8144",31.941918059217,31.941918059217,31.941918059217,31.941918059217
"8145",3.97409726770012,3.97409726770012,3.97409726770012,3.97409726770012
"8146",68.7497889576835,69.5275188632549,70.3139206775883,71.1090910949232
"8147",14.263288067241,14.263288067241,14.263288067241,14.263288067241
"8148",46.3297659728723,46.3297659728723,46.3297659728723,46.3297659728723
"8149",23.2503634169904,23.5665524426476,23.8868641075505,24.2113521648436
"8150",21.6564053941798,21.6564053941798,21.6564053941798,21.6564053941798
"8151",10.4997738186953,10.4997738186953,10.4997738186953,10.4997738186953
"8152",4.49441453403405,4.49441453403405,4.49441453403405,4.49441453403405
"8153",9.06309891865559,9.06309891865559,9.06309891865559,9.06309891865559
"8154",25.7326842119066,25.7326842119066,25.7326842119066,25.7326842119066
"8155",10.1647532151288,10.1647532151288,10.1647532151288,10.1647532151288
"8156",41.110508758257,41.110508758257,41.110508758257,41.110508758257
"8157",40.0466888845362,40.0466888845362,40.0466888845362,40.0466888845362
"8158",174.472052147196,174.472052147196,174.472052147196,174.472052147196
"8159",231.278543672862,232.563320796148,233.855204267831,235.154233394486
"8160",38.1771249903748,38.4971216327579,38.8197319904445,39.1449774121202
"8161",38.3662930573771,38.3662930573771,38.3662930573771,38.3662930573771
"8162",1057.01602583814,1057.01602583814,1057.01602583814,1057.01602583814
"8163",78.630506852295,78.630506852295,78.630506852295,78.630506852295
"8164",22.1544182607308,22.1544182607308,22.1544182607308,22.1544182607308
"8165",188.839869480279,188.839869480279,188.839869480279,188.839869480279
"8166",95.944686936978,95.944686936978,95.944686936978,95.944686936978
"8167",210.435915741747,210.435915741747,210.435915741747,210.435915741747
"8168",1460.73536630715,1460.73536630715,1460.73536630715,1460.73536630715
"8169",12.764094453982,12.764094453982,12.764094453982,12.764094453982
"8170",10.2474099528949,10.3572692976531,10.4682016961794,10.580217629552
"8171",11.6096385957734,11.6096385957734,11.6096385957734,11.6096385957734
"8172",15.1872139949984,15.1872139949984,15.1872139949984,15.1872139949984
"8173",11.0106858147776,11.0106858147776,11.0106858147776,11.0106858147776
"8174",7.66141760392877,7.66141760392877,7.66141760392877,7.66141760392877
"8175",3.72073423700678,3.72073423700678,3.72073423700678,3.72073423700678
"8176",26.6392490411904,26.6392490411904,26.6392490411904,26.6392490411904
"8177",5.42705797523318,5.42705797523318,5.42705797523318,5.42705797523318
"8178",15.8120183481362,15.8120183481362,15.8120183481362,15.8120183481362
"8179",6.21001918049267,6.21001918049267,6.21001918049267,6.21001918049267
"8180",12.7609903712879,12.7609903712879,12.7609903712879,12.7609903712879
"8181",8.51093862490741,8.51093862490741,8.51093862490741,8.51093862490741
"8182",4.71393464953406,4.71393464953406,4.71393464953406,4.71393464953406
"8183",36.905369407693,36.905369407693,36.905369407693,36.905369407693
"8184",15.313791098494,15.313791098494,15.313791098494,15.313791098494
"8185",9.69790009198574,9.69790009198574,9.69790009198574,9.69790009198574
"8186",13.236142594571,13.236142594571,13.236142594571,13.236142594571
"8187",14.5143781748756,14.5143781748756,14.5143781748756,14.5143781748756
"8188",5.25381578059951,5.25381578059951,5.25381578059951,5.25381578059951
"8189",3.72807737389647,3.72807737389647,3.72807737389647,3.72807737389647
"8190",8.4401366602427,8.4401366602427,8.4401366602427,8.4401366602427
"8191",6.99145764635827,6.99145764635827,6.99145764635827,6.99145764635827
"8192",16.6078867098536,16.6078867098536,16.6078867098536,16.6078867098536
"8193",7.80042882744041,7.80042882744041,7.80042882744041,7.80042882744041
"8194",4.71965128168328,4.71965128168328,4.71965128168328,4.71965128168328
"8195",4.6560452693188,4.59620278286461,4.53699344607853,4.47841056006606
"8196",6.58895666547926,6.58895666547926,6.58895666547926,6.58895666547926
"8197",8.68973424744268,8.68973424744268,8.68973424744268,8.68973424744268
"8198",4.88994961943335,4.88994961943335,4.88994961943335,4.88994961943335
"8199",7.06535521965896,7.06535521965896,7.06535521965896,7.06535521965896
"8200",4.28746919579985,4.28746919579985,4.28746919579985,4.28746919579985
"8201",2.10569822520917,2.06119845344141,2.01733629342591,1.97410260918894
"8202",12.1742810995829,12.1742810995829,12.1742810995829,12.1742810995829
"8203",19.2673009148078,19.2673009148078,19.2673009148078,19.2673009148078
"8204",11.2689541809924,11.2689541809924,11.2689541809924,11.2689541809924
"8205",17.8568072204136,18.1330735384523,18.4133873645123,18.6978079976111
"8206",53.2309750556944,53.2309750556944,53.2309750556944,53.2309750556944
"8207",17.42093862911,17.42093862911,17.42093862911,17.42093862911
"8208",22.4543562031974,22.4543562031974,22.4543562031974,22.4543562031974
"8209",41.3041284589464,41.3041284589464,41.3041284589464,41.3041284589464
"8210",23.0019652671952,23.0019652671952,23.0019652671952,23.0019652671952
"8211",10.5730975742716,10.5730975742716,10.5730975742716,10.5730975742716
"8212",16.5987909926582,16.5987909926582,16.5987909926582,16.5987909926582
"8213",56.1584466736019,56.1584466736019,56.1584466736019,56.1584466736019
"8214",13.3185494566819,13.3185494566819,13.3185494566819,13.3185494566819
"8215",22.3483579014331,22.3483579014331,22.3483579014331,22.3483579014331
"8216",13.1003433280816,13.1003433280816,13.1003433280816,13.1003433280816
"8217",20.7113625354936,20.7113625354936,20.7113625354936,20.7113625354936
"8218",49.8466063909604,49.8466063909604,49.8466063909604,49.8466063909604
"8219",15.6353010862641,15.6353010862641,15.6353010862641,15.6353010862641
"8220",23.6866050340348,23.6866050340348,23.6866050340348,23.6866050340348
"8221",31.9250989313958,31.9250989313958,31.9250989313958,31.9250989313958
"8222",45.0944773390647,45.0944773390647,45.0944773390647,45.0944773390647
"8223",18.5181446947676,18.5181446947676,18.5181446947676,18.5181446947676
"8224",29.1611207067064,29.1611207067064,29.1611207067064,29.1611207067064
"8225",23.1459775330329,23.1459775330329,23.1459775330329,23.1459775330329
"8226",31.6309629906688,31.6309629906688,31.6309629906688,31.6309629906688
"8227",46.2308334029863,46.2308334029863,46.2308334029863,46.2308334029863
"8228",36.5509496219538,36.5509496219538,36.5509496219538,36.5509496219538
"8229",33.4969651274507,33.4969651274507,33.4969651274507,33.4969651274507
"8230",21.6453501093468,21.6453501093468,21.6453501093468,21.6453501093468
"8231",17.4783525530766,17.4783525530766,17.4783525530766,17.4783525530766
"8232",29.3122766735545,29.3122766735545,29.3122766735545,29.3122766735545
"8233",21.0175986113649,21.0175986113649,21.0175986113649,21.0175986113649
"8234",36.7611497142617,36.7611497142617,36.7611497142617,36.7611497142617
"8235",35.7797256295979,35.7797256295979,35.7797256295979,35.7797256295979
"8236",14.7596447149619,14.7596447149619,14.7596447149619,14.7596447149619
"8237",16.5403666041347,16.5403666041347,16.5403666041347,16.5403666041347
"8238",7.80831862386455,7.80831862386455,7.80831862386455,7.80831862386455
"8239",5.31217747041526,5.31217747041526,5.31217747041526,5.31217747041526
"8240",16.2824372428668,16.2824372428668,16.2824372428668,16.2824372428668
"8241",9.96204219094501,9.96204219094501,9.96204219094501,9.96204219094501
"8242",3.05259545007601,3.05259545007601,3.05259545007601,3.05259545007601
"8243",4.79108032751906,4.79108032751906,4.79108032751906,4.79108032751906
"8244",6.7015647967208,6.7015647967208,6.7015647967208,6.7015647967208
"8245",3.49410449580878,3.49410449580878,3.49410449580878,3.49410449580878
"8246",2.88916187438916,2.88916187438916,2.88916187438916,2.88916187438916
"8247",23.6438358677912,23.6438358677912,23.6438358677912,23.6438358677912
"8248",7.82609138483504,7.82609138483504,7.82609138483504,7.82609138483504
"8249",2.7196405102022,2.68473043869102,2.65014800988875,2.61589014875887
"8250",7.06451411700852,7.06451411700852,7.06451411700852,7.06451411700852
"8251",2.45303285351584,2.45303285351584,2.45303285351584,2.45303285351584
"8252",26.5852375928699,26.5852375928699,26.5852375928699,26.5852375928699
"8253",10.6894299354798,10.6894299354798,10.6894299354798,10.6894299354798
"8254",8.37757373131474,8.37757373131474,8.37757373131474,8.37757373131474
"8255",14.8713219016731,14.8713219016731,14.8713219016731,14.8713219016731
"8256",14.9459634171986,14.9459634171986,14.9459634171986,14.9459634171986
"8257",3.09165556474594,3.09165556474594,3.09165556474594,3.09165556474594
"8258",25.6477963235647,25.6477963235647,25.6477963235647,25.6477963235647
"8259",13.2140242604209,13.4682203468148,13.7269623414719,13.9903315410093
"8260",16.8901006673447,16.8965019005232,16.9021217759903,16.9070554663459
"8261",23.5450309567498,23.5450309567498,23.5450309567498,23.5450309567498
"8262",12.5523515866097,12.5523515866097,12.5523515866097,12.5523515866097
"8263",17.8053398326417,17.8053398326417,17.8053398326417,17.8053398326417
"8264",25.9397392486308,25.9397392486308,25.9397392486308,25.9397392486308
"8265",18.7095660372634,18.7095660372634,18.7095660372634,18.7095660372634
"8266",17.0849721159506,17.0849721159506,17.0849721159506,17.0849721159506
"8267",16.9315478812368,16.9315478812368,16.9315478812368,16.9315478812368
"8268",18.4036007943314,18.4036007943314,18.4036007943314,18.4036007943314
"8269",16.3594493101499,16.3594493101499,16.3594493101499,16.3594493101499
"8270",10.5904495150413,10.5904495150413,10.5904495150413,10.5904495150413
"8271",17.6558037426321,17.6558037426321,17.6558037426321,17.6558037426321
"8272",5.06821523977947,5.06821523977947,5.06821523977947,5.06821523977947
"8273",24.2400175736162,24.2406874984213,24.2412438724395,24.2417059403779
"8274",22.2919127556849,22.2919127556849,22.2919127556849,22.2919127556849
"8275",25.6378495061355,26.0823063899862,26.5341791097721,26.9935913999308
"8276",17.1464140814792,17.1464140814792,17.1464140814792,17.1464140814792
"8277",8.39020301853034,8.39020301853034,8.39020301853034,8.39020301853034
"8278",3.51892474980446,3.4455968210666,3.37345877386708,3.30249130017282
"8279",18.3010801673035,18.3010801673035,18.3010801673035,18.3010801673035
"8280",11.5809165542469,11.5809165542469,11.5809165542469,11.5809165542469
"8281",19.4620128719895,19.4620128719895,19.4620128719895,19.4620128719895
"8282",62.6375127134995,62.6375127134995,62.6375127134995,62.6375127134995
"8283",355.648622224674,355.648622224674,355.648622224674,355.648622224674
"8284",310.267128888683,311.576862210309,312.892106558365,314.212885121854
"8285",7.5642202478016,7.5642202478016,7.5642202478016,7.5642202478016
"8286",47.9030908603232,47.9030908603232,47.9030908603232,47.9030908603232
"8287",926.617099402393,926.617099402393,926.617099402393,926.617099402393
"8288",14.0940632319801,14.0940632319801,14.0940632319801,14.0940632319801
"8289",31.6303842221776,31.6303842221776,31.6303842221776,31.6303842221776
"8290",109.616213515036,109.616213515036,109.616213515036,109.616213515036
"8291",7.90086059395088,7.90086059395088,7.90086059395088,7.90086059395088
"8292",11.2653731221677,11.1033286195802,10.9434249748824,10.7856339040386
"8293",67.0494243714381,67.0494243714381,67.0494243714381,67.0494243714381
"8294",457.497545951902,457.497545951902,457.497545951902,457.497545951902
"8295",25.3792527621959,25.3792527621959,25.3792527621959,25.3792527621959
"8296",8.21051074994728,8.07730846991661,7.94603255943124,7.81665515936126
"8297",4.28374367137128,4.28374367137128,4.28374367137128,4.28374367137128
"8298",5.24372540424815,5.24372540424815,5.24372540424815,5.24372540424815
"8299",6.85815629611499,6.85815629611499,6.85815629611499,6.85815629611499
"8300",5.68240991517489,5.68240991517489,5.68240991517489,5.68240991517489
"8301",8.1735317994923,8.1735317994923,8.1735317994923,8.1735317994923
"8302",12.9624525135297,12.9624525135297,12.9624525135297,12.9624525135297
"8303",6.18293044881436,6.18293044881436,6.18293044881436,6.18293044881436
"8304",7.17337383017033,7.17337383017033,7.17337383017033,7.17337383017033
"8305",16.5596555146192,16.5596555146192,16.5596555146192,16.5596555146192
"8306",13.2175612645255,13.2175612645255,13.2175612645255,13.2175612645255
"8307",16.1255260968995,16.1255260968995,16.1255260968995,16.1255260968995
"8308",11.3481237235952,11.3481237235952,11.3481237235952,11.3481237235952
"8309",35.1827961776622,35.1827961776622,35.1827961776622,35.1827961776622
"8310",29.1203651405121,29.1203651405121,29.1203651405121,29.1203651405121
"8311",94.2075352611956,94.2075352611956,94.2075352611956,94.2075352611956
"8312",60.7065598797492,60.7065598797492,60.7065598797492,60.7065598797492
"8313",30.2250852873938,30.2250852873938,30.2250852873938,30.2250852873938
"8314",25.5676136772054,25.5676136772054,25.5676136772054,25.5676136772054
"8315",45.0544185180421,45.0544185180421,45.0544185180421,45.0544185180421
"8316",28.5276155699886,28.5276155699886,28.5276155699886,28.5276155699886
"8317",8.29064927394744,8.29064927394744,8.29064927394744,8.29064927394744
"8318",3.26661233908493,3.26661233908493,3.26661233908493,3.26661233908493
"8319",10.0946879285507,10.0946879285507,10.0946879285507,10.0946879285507
"8320",4.42208735827636,4.42208735827636,4.42208735827636,4.42208735827636
"8321",6.88667712346488,6.88904638284734,6.89117316596659,6.89308223266916
"8322",8.87931652709988,8.87931652709988,8.87931652709988,8.87931652709988
"8323",6.23629905520088,6.23629905520088,6.23629905520088,6.23629905520088
"8324",12.1880417249161,12.1880417249161,12.1880417249161,12.1880417249161
"8325",2.97920680290112,2.97920680290112,2.97920680290112,2.97920680290112
"8326",10.2971185034559,10.2971185034559,10.2971185034559,10.2971185034559
"8327",12.1993389757647,12.1993389757647,12.1993389757647,12.1993389757647
"8328",13.2649666570017,13.2649666570017,13.2649666570017,13.2649666570017
"8329",11.9078555433603,11.9078555433603,11.9078555433603,11.9078555433603
"8330",13.2925201702032,13.2925201702032,13.2925201702032,13.2925201702032
"8331",7.64017226874282,7.64017226874282,7.64017226874282,7.64017226874282
"8332",30.2543711198324,30.2543711198324,30.2543711198324,30.2543711198324
"8333",26.0987611835343,26.0987611835343,26.0987611835343,26.0987611835343
"8334",30.0318088047317,30.0318088047317,30.0318088047317,30.0318088047317
"8335",30.2995709247273,30.2995709247273,30.2995709247273,30.2995709247273
"8336",15.3520105828383,15.3520105828383,15.3520105828383,15.3520105828383
"8337",26.0475741991151,26.0475741991151,26.0475741991151,26.0475741991151
"8338",9.67751881680882,9.67751881680882,9.67751881680882,9.67751881680882
"8339",10.126713627093,10.126713627093,10.126713627093,10.126713627093
"8340",13.2866373966184,13.2866373966184,13.2866373966184,13.2866373966184
"8341",15.1159375834714,15.1159375834714,15.1159375834714,15.1159375834714
"8342",31.15959681655,31.5736168736292,31.9929669915496,32.417715789085
"8343",22.7006226066208,22.7006226066208,22.7006226066208,22.7006226066208
"8344",7.17031995998071,7.17031995998071,7.17031995998071,7.17031995998071
"8345",23.970386536041,23.970386536041,23.970386536041,23.970386536041
"8346",18.5098367439806,18.5098367439806,18.5098367439806,18.5098367439806
"8347",6.31718427753239,6.31718427753239,6.31718427753239,6.31718427753239
"8348",32.1130873418859,32.1130873418859,32.1130873418859,32.1130873418859
"8349",12.6231521357824,12.6231521357824,12.6231521357824,12.6231521357824
"8350",26.8621803145208,26.8621803145208,26.8621803145208,26.8621803145208
"8351",35.1711485109226,35.1711485109226,35.1711485109226,35.1711485109226
"8352",18.5113763567675,18.5113763567675,18.5113763567675,18.5113763567675
"8353",22.1421429236346,22.1421429236346,22.1421429236346,22.1421429236346
"8354",22.4527215094439,22.4527215094439,22.4527215094439,22.4527215094439
"8355",34.6632531126796,34.6632531126796,34.6632531126796,34.6632531126796
"8356",24.4300102676595,24.4300102676595,24.4300102676595,24.4300102676595
"8357",32.5796525901778,32.5797136823875,32.5797646636639,32.5798072073832
"8358",19.1858542391349,19.1858542391349,19.1858542391349,19.1858542391349
"8359",30.9936958894059,30.9936958894059,30.9936958894059,30.9936958894059
"8360",14.1810661764728,14.1810661764728,14.1810661764728,14.1810661764728
"8361",21.0898832341405,21.1003083173363,21.1095841251953,21.1178369484035
"8362",14.8896848534295,14.8896848534295,14.8896848534295,14.8896848534295
"8363",28.9610590296831,29.0045189361603,29.044642747594,29.0816825243591
"8364",20.7518240603892,20.7518240603892,20.7518240603892,20.7518240603892
"8365",26.9574038569374,26.9574038569374,26.9574038569374,26.9574038569374
"8366",12.8404392289143,12.8404392289143,12.8404392289143,12.8404392289143
"8367",9.85160077204083,9.85160077204083,9.85160077204083,9.85160077204083
"8368",12.6721722720322,12.6721722720322,12.6721722720322,12.6721722720322
"8369",6.12374457516514,6.12374457516514,6.12374457516514,6.12374457516514
"8370",2.66965783549375,2.59164004867307,2.51528093831033,2.44054524055474
"8371",9.05604028788087,9.05604028788087,9.05604028788087,9.05604028788087
"8372",30.8181361982018,30.8181361982018,30.8181361982018,30.8181361982018
"8373",21.6022764165866,21.6022764165866,21.6022764165866,21.6022764165866
"8374",21.2397531001631,21.2397531001631,21.2397531001631,21.2397531001631
"8375",26.6894873005331,26.6894873005331,26.6894873005331,26.6894873005331
"8376",15.042259714181,15.042259714181,15.042259714181,15.042259714181
"8377",14.929284320417,14.929284320417,14.929284320417,14.929284320417
"8378",17.376258818335,17.376258818335,17.376258818335,17.376258818335
"8379",18.9441970002975,18.9441970002975,18.9441970002975,18.9441970002975
"8380",21.2372010007229,21.2372010007229,21.2372010007229,21.2372010007229
"8381",16.7274284174994,16.7274284174994,16.7274284174994,16.7274284174994
"8382",12.0991666573238,12.2518627899948,12.4063388915403,12.5626157109417
"8383",31.5467397530665,31.5467397530665,31.5467397530665,31.5467397530665
"8384",45.2391988160778,45.2391988160778,45.2391988160778,45.2391988160778
"8385",10.8958162216842,10.8958162216842,10.8958162216842,10.8958162216842
"8386",15.4846099005395,15.4846099005395,15.4846099005395,15.4846099005395
"8387",6.79829819044413,6.79829819044413,6.79829819044413,6.79829819044413
"8388",6.34909674269587,6.34909674269587,6.34909674269587,6.34909674269587
"8389",11.849239861632,11.849239861632,11.849239861632,11.849239861632
"8390",13.6297112998206,13.6297112998206,13.6297112998206,13.6297112998206
"8391",15.4483781205618,15.4483781205618,15.4483781205618,15.4483781205618
"8392",12.2840143725112,12.2840143725112,12.2840143725112,12.2840143725112
"8393",8.71129517976961,8.71129517976961,8.71129517976961,8.71129517976961
"8394",15.4288208093183,15.4288208093183,15.4288208093183,15.4288208093183
"8395",9.56613826628532,9.56613826628532,9.56613826628532,9.56613826628532
"8396",7.47406795421153,7.47406795421153,7.47406795421153,7.47406795421153
"8397",11.4830439604053,11.4830439604053,11.4830439604053,11.4830439604053
"8398",7.84593314060073,7.84593314060073,7.84593314060073,7.84593314060073
"8399",6.5777868841999,6.5777868841999,6.5777868841999,6.5777868841999
"8400",14.8026922484109,14.8026922484109,14.8026922484109,14.8026922484109
"8401",12.0283233803248,12.0283233803248,12.0283233803248,12.0283233803248
"8402",30.123069721463,30.3711591862972,30.611820227733,30.84520713244
"8403",16.5161720692087,16.7051158796696,16.8960977931688,17.0891397943585
"8404",30.3670777323592,31.127418990402,31.9061910003822,32.703840525662
"8405",26.6901091676702,26.6901091676702,26.6901091676702,26.6901091676702
"8406",28.8052284696196,28.8052284696196,28.8052284696196,28.8052284696196
"8407",27.6722565023466,28.8147244890293,30.0027149863135,31.2380418734462
"8408",6.4652894939772,6.4652894939772,6.4652894939772,6.4652894939772
"8409",7.49076084184868,7.55883940152617,7.62746381220265,7.69663845048825
"8410",5.57848624252927,5.65759198065156,5.73764895855352,5.81866861481267
"8411",10.7406490399964,10.7406490399964,10.7406490399964,10.7406490399964
"8412",17.7633376950964,18.0238484468755,18.2879761378631,18.5557709857533
"8413",10.6043533255346,10.6043533255346,10.6043533255346,10.6043533255346
"8414",9.45402198254029,9.45402198254029,9.45402198254029,9.45402198254029
"8415",10.7850345154824,10.7850345154824,10.7850345154824,10.7850345154824
"8416",8.68369515109945,8.68369515109945,8.68369515109945,8.68369515109945
"8417",8.88050552676298,8.88050552676298,8.88050552676298,8.88050552676298
"8418",6.956447267004,6.956447267004,6.956447267004,6.956447267004
"8419",10.6653574151812,10.6653574151812,10.6653574151812,10.6653574151812
"8420",8.97900476604004,8.97900476604004,8.97900476604004,8.97900476604004
"8421",23.2169271593475,23.2169271593475,23.2169271593475,23.2169271593475
"8422",15.0026752599885,15.0162282129126,15.0285381899218,15.0397183529656
"8423",15.4134430398569,15.4353355117021,15.4555582445807,15.4742367357663
"8424",14.4614791898393,14.4731422639606,14.4837012977319,14.4932601466537
"8425",7.11436214697424,7.11436214697424,7.11436214697424,7.11436214697424
"8426",6.91208550610219,6.91208550610219,6.91208550610219,6.91208550610219
"8427",7.43028906513854,7.43028906513854,7.43028906513854,7.43028906513854
"8428",8.77430675863656,8.77430675863656,8.77430675863656,8.77430675863656
"8429",6.35293389149722,6.35293389149722,6.35293389149722,6.35293389149722
"8430",7.35886627793169,7.35886627793169,7.35886627793169,7.35886627793169
"8431",3.02129961453623,3.02129961453623,3.02129961453623,3.02129961453623
"8432",6.72943115579872,6.72943115579872,6.72943115579872,6.72943115579872
"8433",30.0461496411479,30.0461496411479,30.0461496411479,30.0461496411479
"8434",34.2797658489552,34.2797658489552,34.2797658489552,34.2797658489552
"8435",36.0539977161815,36.0539977161815,36.0539977161815,36.0539977161815
"8436",43.461201076315,43.461201076315,43.461201076315,43.461201076315
"8437",30.8669650110673,30.8669650110673,30.8669650110673,30.8669650110673
"8438",41.96557212873,41.96557212873,41.96557212873,41.96557212873
"8439",26.5779417964211,26.5779417964211,26.5779417964211,26.5779417964211
"8440",10.677706280087,10.8160331404423,10.9559985349272,11.0976218726
"8441",69.1096732395353,69.1096732395353,69.1096732395353,69.1096732395353
"8442",112.151599432066,112.151599432066,112.151599432066,112.151599432066
"8443",21.411432977875,21.411432977875,21.411432977875,21.411432977875
"8444",140.831003179419,140.831003179419,140.831003179419,140.831003179419
"8445",7.61353575092183,7.61353575092183,7.61353575092183,7.61353575092183
"8446",81.9286168660333,81.9286168660333,81.9286168660333,81.9286168660333
"8447",456.114414151991,463.207397677553,470.410442084454,477.72525517274
"8448",26.1790059921544,26.1790059921544,26.1790059921544,26.1790059921544
"8449",143.718691372157,143.718691372157,143.718691372157,143.718691372157
"8450",44.6624682870363,44.6624682870363,44.6624682870363,44.6624682870363
"8451",37.3106578921206,37.3106578921206,37.3106578921206,37.3106578921206
"8452",19.6178834894564,19.6178834894564,19.6178834894564,19.6178834894564
"8453",32.9073997260258,32.9073997260258,32.9073997260258,32.9073997260258
"8454",13.5502420767872,13.5502420767872,13.5502420767872,13.5502420767872
"8455",113.445068028246,113.445068028246,113.445068028246,113.445068028246
"8456",13.5298188976143,13.5298188976143,13.5298188976143,13.5298188976143
"8457",10.8168460325433,10.8168460325433,10.8168460325433,10.8168460325433
"8458",15.6024026299689,15.7483554826307,15.8955914167642,16.044121712026
"8459",12.3510907947222,12.3510907947222,12.3510907947222,12.3510907947222
"8460",4.9183134991587,4.9183134991587,4.9183134991587,4.9183134991587
"8461",5.60792138560725,5.60792138560725,5.60792138560725,5.60792138560725
"8462",4.16793705012244,4.16793705012244,4.16793705012244,4.16793705012244
"8463",3.24318022554857,3.24318022554857,3.24318022554857,3.24318022554857
"8464",33.8627630799076,33.8978841678491,33.9296293006311,33.9583203201088
"8465",29.3827869270151,29.3827869270151,29.3827869270151,29.3827869270151
"8466",139.484310505107,139.484310505107,139.484310505107,139.484310505107
"8467",113.118441376181,113.119078562792,113.119602434634,113.120033142772
"8468",12.8868371834778,12.8933502330014,12.899196841333,12.9044449615866
"8469",7.27951286254625,7.27951286254625,7.27951286254625,7.27951286254625
"8470",39.8832757268956,39.8832757268956,39.8832757268956,39.8832757268956
"8471",10.9371027050964,10.9371027050964,10.9371027050964,10.9371027050964
"8472",5.59445765394128,5.59445765394128,5.59445765394128,5.59445765394128
"8473",26.064043709715,26.2660348950852,26.4695336319286,26.6745511717831
"8474",8.84471512826253,8.84471512826253,8.84471512826253,8.84471512826253
"8475",5.53709915653431,5.53682924919945,5.53660141455398,5.53640909323861
"8476",7.32471750616747,7.32471750616747,7.32471750616747,7.32471750616747
"8477",12.5324535366774,12.5324535366774,12.5324535366774,12.5324535366774
"8478",2.06119522795638,2.06119522795638,2.06119522795638,2.06119522795638
"8479",5.95574300343713,5.95574300343713,5.95574300343713,5.95574300343713
"8480",8.00958207426592,8.00958207426592,8.00958207426592,8.00958207426592
"8481",11.4212095038991,11.4212095038991,11.4212095038991,11.4212095038991
"8482",12.5045212801066,12.5045212801066,12.5045212801066,12.5045212801066
"8483",24.9091080777726,24.9091080777726,24.9091080777726,24.9091080777726
"8484",25.8353609921047,25.8353609921047,25.8353609921047,25.8353609921047
"8485",44.5869049053692,44.5869049053692,44.5869049053692,44.5869049053692
"8486",10.4322345082861,10.4322345082861,10.4322345082861,10.4322345082861
"8487",128.696516365175,128.696516365175,128.696516365175,128.696516365175
"8488",25.7909551028403,25.7909551028403,25.7909551028403,25.7909551028403
"8489",89.805392146819,89.805392146819,89.805392146819,89.805392146819
"8490",47.4169688652831,47.4169688652831,47.4169688652831,47.4169688652831
"8491",14.1947306358428,14.1947306358428,14.1947306358428,14.1947306358428
"8492",25.668041139941,25.668041139941,25.668041139941,25.668041139941
"8493",30.0842698473118,30.0842698473118,30.0842698473118,30.0842698473118
"8494",15.310464647873,15.310464647873,15.310464647873,15.310464647873
"8495",22.7570992638036,22.7570992638036,22.7570992638036,22.7570992638036
"8496",19.4688170836063,19.4688170836063,19.4688170836063,19.4688170836063
"8497",9.88203627079581,9.88203627079581,9.88203627079581,9.88203627079581
"8498",12.8863681258914,12.8867148807648,12.8869925601223,12.8872149231982
"8499",4.2312007682804,4.2312007682804,4.2312007682804,4.2312007682804
"8500",7.77274299196547,7.77274299196547,7.77274299196547,7.77274299196547
"8501",18.8253929911819,18.8253929911819,18.8253929911819,18.8253929911819
"8502",9.5629556920926,9.5629556920926,9.5629556920926,9.5629556920926
"8503",113.28933180752,113.28933180752,113.28933180752,113.28933180752
"8504",3.80705803524763,3.80705803524763,3.80705803524763,3.80705803524763
"8505",11.4042732656346,11.4042732656346,11.4042732656346,11.4042732656346
"8506",14.9810885231051,14.9810885231051,14.9810885231051,14.9810885231051
"8507",14.5132232772174,14.5132232772174,14.5132232772174,14.5132232772174
"8508",36.9146872430951,36.9146872430951,36.9146872430951,36.9146872430951
"8509",8.37270867380765,8.37270867380765,8.37270867380765,8.37270867380765
"8510",14.3777068486179,14.3777068486179,14.3777068486179,14.3777068486179
"8511",22.470287388874,22.470287388874,22.470287388874,22.470287388874
"8512",7.43003509622227,7.43003509622227,7.43003509622227,7.43003509622227
"8513",21.6581396230239,21.6581396230239,21.6581396230239,21.6581396230239
"8514",6.81515600138875,6.81515600138875,6.81515600138875,6.81515600138875
"8515",18.7295301770026,18.7295301770026,18.7295301770026,18.7295301770026
"8516",5.0483240830646,5.0483240830646,5.0483240830646,5.0483240830646
"8517",9.75665821219859,9.75665821219859,9.75665821219859,9.75665821219859
"8518",11.658236882504,11.658236882504,11.658236882504,11.658236882504
"8519",4.17304498558793,4.17304498558793,4.17304498558793,4.17304498558793
"8520",5.05455285237464,4.9951956930997,4.93642045497453,4.87822143300534
"8521",4.14871237310333,4.09697168040687,4.04575094281504,3.99504493516953
"8522",5.85909258378493,5.85909258378493,5.85909258378493,5.85909258378493
"8523",38.4942574959284,39.1076005648836,39.6051803892815,40.0077290567195
"8524",27.1252886892214,27.1252886892214,27.1252886892214,27.1252886892214
"8525",15.3161623381521,15.3161623381521,15.3161623381521,15.3161623381521
"8526",20.56834958632,20.56834958632,20.56834958632,20.56834958632
"8527",5.44690159164703,5.44690159164703,5.44690159164703,5.44690159164703
"8528",7.27475504602199,7.27475504602199,7.27475504602199,7.27475504602199
"8529",33.3134855327133,33.3134855327133,33.3134855327133,33.3134855327133
"8530",11.6471075950989,11.6471075950989,11.6471075950989,11.6471075950989
"8531",6.21142095223388,6.21142095223388,6.21142095223388,6.21142095223388
"8532",6.79879228946408,6.67175546244812,6.54678797576324,6.42385612131465
"8533",9.38543125113119,9.38543125113119,9.38543125113119,9.38543125113119
"8534",148.022785080912,148.022785080912,148.022785080912,148.022785080912
"8535",20.7328126632899,20.7328126632899,20.7328126632899,20.7328126632899
"8536",3.95682978857735,3.95682978857735,3.95682978857735,3.95682978857735
"8537",14.8817778001079,14.8817778001079,14.8817778001079,14.8817778001079
"8538",26.3571525429249,26.3571525429249,26.3571525429249,26.3571525429249
"8539",8.26418389248085,8.26418389248085,8.26418389248085,8.26418389248085
"8540",34.0749948717771,34.0749948717771,34.0749948717771,34.0749948717771
"8541",29.2302231677413,29.2302231677413,29.2302231677413,29.2302231677413
"8542",103.484905039876,103.484905039876,103.484905039876,103.484905039876
"8543",7.92666785409313,7.92666785409313,7.92666785409313,7.92666785409313
"8544",15.2183746731843,15.2183746731843,15.2183746731843,15.2183746731843
"8545",18.5693133513536,18.5693133513536,18.5693133513536,18.5693133513536
"8546",8.31831822258216,8.31831822258216,8.31831822258216,8.31831822258216
"8547",9.75835060752936,9.75849215092857,9.75860918305493,9.75870594835923
"8548",10.5848780401843,10.5848780401843,10.5848780401843,10.5848780401843
"8549",9.25278927876483,9.25278927876483,9.25278927876483,9.25278927876483
"8550",7.49597903533022,7.49597903533022,7.49597903533022,7.49597903533022
"8551",4.86933553445667,4.86933553445667,4.86933553445667,4.86933553445667
"8552",7.57126973643661,7.57126973643661,7.57126973643661,7.57126973643661
"8553",7.65235487177935,7.65235487177935,7.65235487177935,7.65235487177935
"8554",4.30840492833945,4.30840492833945,4.30840492833945,4.30840492833945
"8555",3.21078016747406,3.13692361898827,3.06436250496765,2.99307410365649
"8556",5.37127388398332,5.37127388398332,5.37127388398332,5.37127388398332
"8557",4.13485682295347,4.13485682295347,4.13485682295347,4.13485682295347
"8558",12.4611056601877,12.4611056601877,12.4611056601877,12.4611056601877
"8559",35.0218828985899,35.0218828985899,35.0218828985899,35.0218828985899
"8560",2.95070512460334,2.95070512460334,2.95070512460334,2.95070512460334
"8561",8.51355245301077,8.51355245301077,8.51355245301077,8.51355245301077
"8562",10.8674241864737,10.8674241864737,10.8674241864737,10.8674241864737
"8563",5.95466067217567,5.95466067217567,5.95466067217567,5.95466067217567
"8564",5.6214497806629,5.6214497806629,5.6214497806629,5.6214497806629
"8565",5.03321847145765,5.03321847145765,5.03321847145765,5.03321847145765
"8566",2.92668949815289,2.92668949815289,2.92668949815289,2.92668949815289
"8567",16.6439512307061,16.6439512307061,16.6439512307061,16.6439512307061
"8568",8.25046254445743,8.25046254445743,8.25046254445743,8.25046254445743
"8569",9.3107025639273,9.3107025639273,9.3107025639273,9.3107025639273
"8570",19.6880791468194,19.6880791468194,19.6880791468194,19.6880791468194
"8571",21.9092605092696,21.9092605092696,21.9092605092696,21.9092605092696
"8572",22.0999572985855,22.139176912835,22.1761681340393,22.211054222117
"8573",20.3534838387847,20.3534838387847,20.3534838387847,20.3534838387847
"8574",17.1177596278214,17.1177596278214,17.1177596278214,17.1177596278214
"8575",20.3933739811438,20.3933739811438,20.3933739811438,20.3933739811438
"8576",49.7058348569177,49.7058348569177,49.7058348569177,49.7058348569177
"8577",17.7714573649161,17.7714573649161,17.7714573649161,17.7714573649161
"8578",24.3438384795744,24.3438384795744,24.3438384795744,24.3438384795744
"8579",4.33486260434388,4.33486260434388,4.33486260434388,4.33486260434388
"8580",43.9667279571755,43.9667279571755,43.9667279571755,43.9667279571755
"8581",10.6392473662345,10.1353608033009,9.6532885089635,9.19208609940785
"8582",12.412655035245,11.7954775418995,11.2066992027328,10.6450132430053
"8583",16.1185334795501,15.8560135262356,15.6356710574332,15.450336033552
"8584",15.9146068036818,15.9146068036818,15.9146068036818,15.9146068036818
"8585",34.0476181315195,34.0476181315195,34.0476181315195,34.0476181315195
"8586",18.8663631307348,18.8663631307348,18.8663631307348,18.8663631307348
"8587",18.7046185416229,18.5574579018928,18.4113963067264,18.2664255480935
"8588",6.05074524439011,6.05074524439011,6.05074524439011,6.05074524439011
"8589",6.92393760151368,6.92393760151368,6.92393760151368,6.92393760151368
"8590",30.9101484893504,30.9101484893504,30.9101484893504,30.9101484893504
"8591",26.2338309273375,26.2338309273375,26.2338309273375,26.2338309273375
"8592",8.98397366825995,9.0741181050154,9.16507644811195,9.25685604623971
"8593",28.9305659888695,28.272842970308,27.6295733893897,27.0004396323869
"8594",58.9684015135669,58.9689917533068,58.969492826424,58.9699182026003
"8595",30.6678699039754,30.6678699039754,30.6678699039754,30.6678699039754
"8596",36.3539654221911,36.3539654221911,36.3539654221911,36.3539654221911
"8597",60.193202805172,60.193202805172,60.193202805172,60.193202805172
"8598",46.4248255648182,46.4248255648182,46.4248255648182,46.4248255648182
"8599",48.5781345611903,48.5781345611903,48.5781345611903,48.5781345611903
"8600",64.5108976199161,64.5108976199161,64.5108976199161,64.5108976199161
"8601",59.0585098981711,59.0585098981711,59.0585098981711,59.0585098981711
"8602",57.9606620447586,57.9606620447586,57.9606620447586,57.9606620447586
"8603",37.2595618558915,37.2595618558915,37.2595618558915,37.2595618558915
"8604",34.2344936172495,34.2344936172495,34.2344936172495,34.2344936172495
"8605",28.1638922484251,26.8848953381662,25.6619894696145,24.4927147424102
"8606",32.9642705475684,32.9642705475684,32.9642705475684,32.9642705475684
"8607",9.87149357635896,9.87149357635896,9.87149357635896,9.87149357635896
"8608",7.91302980317846,7.91302980317846,7.91302980317846,7.91302980317846
"8609",9.47112454370025,9.47112454370025,9.47112454370025,9.47112454370025
"8610",15.5481086307565,15.5481086307565,15.5481086307565,15.5481086307565
"8611",6.24973427980356,6.24973427980356,6.24973427980356,6.24973427980356
"8612",25.9319511514213,25.9319511514213,25.9319511514213,25.9319511514213
"8613",24.019152595918,24.019152595918,24.019152595918,24.019152595918
"8614",7.92962803758629,7.92962803758629,7.92962803758629,7.92962803758629
"8615",6.46902028613391,6.46911880997201,6.46919957830726,6.46926579080968
"8616",5.97537698374108,5.97537698374108,5.97537698374108,5.97537698374108
"8617",22.8257797081587,22.8257797081587,22.8257797081587,22.8257797081587
"8618",18.4897114993394,18.4897114993394,18.4897114993394,18.4897114993394
"8619",22.3459005964512,22.3459005964512,22.3459005964512,22.3459005964512
"8620",23.005751797089,23.005751797089,23.005751797089,23.005751797089
"8621",22.3981194036416,22.3981194036416,22.3981194036416,22.3981194036416
"8622",30.1347857580891,30.1347857580891,30.1347857580891,30.1347857580891
"8623",25.0025559169328,25.0025559169328,25.0025559169328,25.0025559169328
"8624",27.6421608702259,27.6421608702259,27.6421608702259,27.6421608702259
"8625",13.8112674483404,13.8112674483404,13.8112674483404,13.8112674483404
"8626",16.8298642650926,16.8298642650926,16.8298642650926,16.8298642650926
"8627",7.86637512882609,7.86637512882609,7.86637512882609,7.86637512882609
"8628",28.6094103639577,28.6128478312807,28.6158636139909,28.6185094060345
"8629",5.21849689188917,5.21849689188917,5.21849689188917,5.21849689188917
"8630",11.6902281723146,11.6902281723146,11.6902281723146,11.6902281723146
"8631",17.7253902900355,17.7253902900355,17.7253902900355,17.7253902900355
"8632",18.3669957707317,18.3669957707317,18.3669957707317,18.3669957707317
"8633",4.71019975296463,4.71019975296463,4.71019975296463,4.71019975296463
"8634",9.08285087194531,9.08285087194531,9.08285087194531,9.08285087194531
"8635",26.1417971796741,26.1417971796741,26.1417971796741,26.1417971796741
"8636",3.8562885895136,3.8562885895136,3.8562885895136,3.8562885895136
"8637",9.50578170277974,9.50578170277974,9.50578170277974,9.50578170277974
"8638",9.56830547603025,9.56830547603025,9.56830547603025,9.56830547603025
"8639",36.5012650740323,36.5012650740323,36.5012650740323,36.5012650740323
"8640",25.8369314572443,25.8369314572443,25.8369314572443,25.8369314572443
"8641",8.11257639501839,8.11257639501839,8.11257639501839,8.11257639501839
"8642",10.0378606795518,10.0378606795518,10.0378606795518,10.0378606795518
"8643",14.149390186305,14.149390186305,14.149390186305,14.149390186305
"8644",47.1725413758651,47.1725413758651,47.1725413758651,47.1725413758651
"8645",80.9753066588114,80.9753066588114,80.9753066588114,80.9753066588114
"8646",64.6272032544706,64.6272032544706,64.6272032544706,64.6272032544706
"8647",45.6892417923456,45.6892417923456,45.6892417923456,45.6892417923456
"8648",18.907683969822,18.907683969822,18.907683969822,18.907683969822
"8649",227.120426878963,227.120426878963,227.120426878963,227.120426878963
"8650",96.9571633324815,96.9571633324815,96.9571633324815,96.9571633324815
"8651",63.8713951582698,63.8713951582698,63.8713951582698,63.8713951582698
"8652",35.3142581619411,35.3266820651785,35.3378667167749,35.3479354014999
"8653",53.8788260358336,53.8788260358336,53.8788260358336,53.8788260358336
"8654",117.232255133813,117.309872999352,117.379304984117,117.44141031064
"8655",12.9952391499096,12.9952391499096,12.9952391499096,12.9952391499096
"8656",51.940382342244,51.940382342244,51.940382342244,51.940382342244
"8657",31.8688827144411,31.8688827144411,31.8688827144411,31.8688827144411
"8658",16.1057952520378,16.1057952520378,16.1057952520378,16.1057952520378
"8659",18.2345428141918,18.2345428141918,18.2345428141918,18.2345428141918
"8660",29.1227517967897,29.1141705253082,29.1064991398046,29.09964096783
"8661",13.7262019140106,13.7262019140106,13.7262019140106,13.7262019140106
"8662",64.4619773033969,64.4701676706621,64.4773825318585,64.4837379845929
"8663",66.2689989206518,66.8264562051097,67.388533130546,67.9552679798632
"8664",32.8251646560475,32.8251646560475,32.8251646560475,32.8251646560475
"8665",42.2933478682095,42.2933478682095,42.2933478682095,42.2933478682095
"8666",29.128562197519,29.128562197519,29.128562197519,29.128562197519
"8667",64.1210417367433,64.1210417367433,64.1210417367433,64.1210417367433
"8668",40.3734454455062,40.3734454455062,40.3734454455062,40.3734454455062
"8669",62.9737585109911,61.6106039375653,60.5015715305956,59.5962539549303
"8670",51.7898385005321,51.7882488141947,51.7869270984731,51.7858281769268
"8671",29.9230482949396,29.9230482949396,29.9230482949396,29.9230482949396
"8672",25.6718886355515,25.6716208329454,25.6713998502605,25.6712175016795
"8673",34.1322873527626,34.1322873527626,34.1322873527626,34.1322873527626
"8674",68.9025405373146,68.901240821865,68.900200936006,68.8993689337261
"8675",46.6584992180279,46.6584992180279,46.6584992180279,46.6584992180279
"8676",49.7763736831021,49.6227942443167,49.5002644005262,49.4024534449977
"8677",48.8859887973321,48.8956337300759,48.9041032154074,48.9115403427273
"8678",23.9367863636661,23.9367863636661,23.9367863636661,23.9367863636661
"8679",57.8048236976749,57.8048236976749,57.8048236976749,57.8048236976749
"8680",25.0854471279839,25.0854471279839,25.0854471279839,25.0854471279839
"8681",6.15339346380717,6.15339346380717,6.15339346380717,6.15339346380717
"8682",12.8858404452901,12.8858404452901,12.8858404452901,12.8858404452901
"8683",18.6245210441852,18.6245210441852,18.6245210441852,18.6245210441852
"8684",6.15061447995741,6.15061447995741,6.15061447995741,6.15061447995741
"8685",8.15411798046704,8.15411798046704,8.15411798046704,8.15411798046704
"8686",3.84974718898448,3.84974718898448,3.84974718898448,3.84974718898448
"8687",10.335721827421,10.335721827421,10.335721827421,10.335721827421
"8688",6.88352649352567,6.88352649352567,6.88352649352567,6.88352649352567
"8689",20.554564826183,20.554564826183,20.554564826183,20.554564826183
"8690",5.88895583876466,5.88895583876466,5.88895583876466,5.88895583876466
"8691",4.94450674487105,4.94450674487105,4.94450674487105,4.94450674487105
"8692",33.7153884239025,34.7409117268973,35.7967298960231,36.8837378684413
"8693",29.7510283585,29.7510283585,29.7510283585,29.7510283585
"8694",5.76697448075355,5.76697448075355,5.76697448075355,5.76697448075355
"8695",7.59665063645553,7.59665063645553,7.59665063645553,7.59665063645553
"8696",3.59559599010297,3.59846262636846,3.60075722296754,3.60259372474829
"8697",9.23608155818514,9.23608155818514,9.23608155818514,9.23608155818514
"8698",31.8514931992677,31.8514931992677,31.8514931992677,31.8514931992677
"8699",6.70806731947858,6.70806731947858,6.70806731947858,6.70806731947858
"8700",7.26288762558896,7.26288762558896,7.26288762558896,7.26288762558896
"8701",7.80640801824993,7.80640801824993,7.80640801824993,7.80640801824993
"8702",8.60650463741938,8.60650463741938,8.60650463741938,8.60650463741938
"8703",5.63689349607265,5.57428781239991,5.51227268688972,5.45084254881876
"8704",5.50148564032172,5.50148564032172,5.50148564032172,5.50148564032172
"8705",9.61079363740828,9.61079363740828,9.61079363740828,9.61079363740828
"8706",4.74597462572219,4.66032620538475,4.57595444434084,4.49284031294641
"8707",16.4193191176699,16.5408458544784,16.6632204285451,16.7864487548482
"8708",9.17946305574808,9.17946305574808,9.17946305574808,9.17946305574808
"8709",9.51063348054019,9.51063348054019,9.51063348054019,9.51063348054019
"8710",5.58962780685693,5.53069440303965,5.47228806177997,5.41440406936849
"8711",9.06704018517941,9.06704018517941,9.06704018517941,9.06704018517941
"8712",4.33704236648256,4.33674932420428,4.33650483062287,4.33630084091079
"8713",21.77141331911,21.77141331911,21.77141331911,21.77141331911
"8714",37.6874432433341,37.6901517165491,37.6924827400889,37.6944888966857
"8715",59.9085884193983,59.9085884193983,59.9085884193983,59.9085884193983
"8716",51.8108127272315,51.0537404521647,50.3695758232801,49.7505810752009
"8717",51.8182514752379,51.8182514752379,51.8182514752379,51.8182514752379
"8718",46.8744731896179,46.8744731896179,46.8744731896179,46.8744731896179
"8719",38.1682185652063,38.1682185652063,38.1682185652063,38.1682185652063
"8720",59.1460714547326,59.1466191174778,59.1470773301125,59.1474607020576
"8721",6.78593258447733,6.78593258447733,6.78593258447733,6.78593258447733
"8722",4.08970472298601,4.08970472298601,4.08970472298601,4.08970472298601
"8723",7.59356181430262,7.59356181430262,7.59356181430262,7.59356181430262
"8724",4.78229331382803,4.78229331382803,4.78229331382803,4.78229331382803
"8725",7.02031425582461,7.02031425582461,7.02031425582461,7.02031425582461
"8726",7.47644587888223,7.47644587888223,7.47644587888223,7.47644587888223
"8727",11.4405323425399,11.4405323425399,11.4405323425399,11.4405323425399
"8728",3.85952549381294,3.76411931352959,3.6705862254335,3.57888945544638
"8729",12.4317802163576,12.4317802163576,12.4317802163576,12.4317802163576
"8730",7.03848085538287,7.03848085538287,7.03848085538287,7.03848085538287
"8731",6.5702362423911,6.5702362423911,6.5702362423911,6.5702362423911
"8732",4.20860837992069,4.20860837992069,4.20860837992069,4.20860837992069
"8733",8.23773595650364,8.42979749904505,8.6258521884243,8.82598304605971
"8734",46.6136161584413,46.6136161584413,46.6136161584413,46.6136161584413
"8735",9.50945370731273,9.50945370731273,9.50945370731273,9.50945370731273
"8736",12.2718925444704,12.2718925444704,12.2718925444704,12.2718925444704
"8737",6.26930652331198,6.18974265684279,6.11104963119276,6.03321791485261
"8738",4.00573044292829,4.00573044292829,4.00573044292829,4.00573044292829
"8739",8.38936109416044,8.38936109416044,8.38936109416044,8.38936109416044
"8740",14.6506800903704,14.6506800903704,14.6506800903704,14.6506800903704
"8741",33.4487620007665,33.4487620007665,33.4487620007665,33.4487620007665
"8742",41.9813921145917,41.9841451356891,41.9864600311738,41.9884065076542
"8743",39.371721273531,39.3947590184615,39.4153951523077,39.4338789887913
"8744",51.8956561861591,51.9506059960219,52.0004881788357,52.0457659114461
"8745",92.7391597871161,93.0213896079868,93.2896114654436,93.5444815115931
"8746",17.9057408144531,17.9057408144531,17.9057408144531,17.9057408144531
"8747",44.3583110543627,44.3583110543627,44.3583110543627,44.3583110543627
"8748",63.3304268422118,63.4233192354893,63.5091384212324,63.5884144683155
"8749",30.5439616636738,30.5439616636738,30.5439616636738,30.5439616636738
"8750",67.2564650088133,67.6243270407266,67.9774430183357,68.3163237204309
"8751",103.532833394994,103.646468217283,103.750927332725,103.846943479557
"8752",19.9322903651994,19.8710980057728,19.8211051901603,19.780242481155
"8753",16.4880286200716,16.4880286200716,16.4880286200716,16.4880286200716
"8754",5.96523008059126,5.96523008059126,5.96523008059126,5.96523008059126
"8755",10.4150340995051,10.4150340995051,10.4150340995051,10.4150340995051
"8756",7.89723063681227,7.89723063681227,7.89723063681227,7.89723063681227
"8757",7.2936958198247,7.2936958198247,7.2936958198247,7.2936958198247
"8758",28.8183749700994,28.8183749700994,28.8183749700994,28.8183749700994
"8759",4.76200495778001,4.76200495778001,4.76200495778001,4.76200495778001
"8760",42.3284633045136,42.3284633045136,42.3284633045136,42.3284633045136
"8761",10.0868770344305,10.0868770344305,10.0868770344305,10.0868770344305
"8762",10.3708598001343,10.3708598001343,10.3708598001343,10.3708598001343
"8763",126.031212524313,126.031212524313,126.031212524313,126.031212524313
"8764",641.709639715222,637.948147067307,634.20866875692,630.491075943967
"8765",183.37794770141,183.37794770141,183.37794770141,183.37794770141
"8766",35.9112495815988,35.9112495815988,35.9112495815988,35.9112495815988
"8767",1439.91209843921,1439.12255743302,1438.39215706315,1437.71644086025
"8768",274.552479525451,274.552479525451,274.552479525451,274.552479525451
"8769",90.6584265762622,90.1145970286089,89.573994140936,89.0365987687621
"8770",463.587261166336,462.918965625965,462.290130145006,461.698377016687
